********************************************************************************
STREME - Sensitive, Thorough, Rapid, Enriched Motif Elicitation
********************************************************************************
MEME version 5.5.8 (Release date: Thu May 15 15:01:46 2025 -0700)

For further information on how to interpret these results please access https://meme-suite.org/meme.
To get a copy of the MEME Suite software please access https://meme-suite.org.

********************************************************************************


********************************************************************************
REFERENCE
********************************************************************************
If you use this program in your research, please cite:

Timothy L. Bailey,
"STREME: accurate and versatile sequence motif discovery",
Bioinformatics, Mar. 24, 2021.
********************************************************************************


ALPHABET= ACGT

strands: + -

Background letter frequencies
A 0.217 C 0.283 G 0.283 T 0.217 

MOTIF 1-MNSYGGATCCRSNK STREME-1
letter-probability matrix: alength= 4 w= 14 nsites= 204 E= 7.2e-033
 0.435658 0.254487 0.190046 0.119808
 0.202899 0.165531 0.314313 0.317257
 0.181306 0.415743 0.228786 0.174165
 0.184276 0.376222 0.132276 0.307226
 0.000027 0.000035 0.999910 0.000027
 0.002819 0.000035 0.994326 0.002819
 0.999902 0.000035 0.000035 0.000027
 0.000027 0.000035 0.000035 0.999902
 0.002819 0.994326 0.000035 0.002819
 0.000027 0.999910 0.000035 0.000027
 0.307226 0.132276 0.376222 0.184276
 0.174165 0.228786 0.415743 0.181306
 0.317257 0.314313 0.165531 0.202899
 0.119808 0.190046 0.254487 0.435658

MOTIF 2-NNNNNGTSSACNNNNN STREME-2
letter-probability matrix: alength= 4 w= 16 nsites= 251 E= 4.6e-025
 0.332177 0.186731 0.169899 0.311193
 0.230629 0.305526 0.252829 0.211016
 0.204501 0.259379 0.338982 0.197138
 0.256577 0.263699 0.235456 0.244268
 0.169084 0.314238 0.229859 0.286819
 0.000022 0.000029 0.999927 0.000022
 0.000022 0.000029 0.000029 0.999920
 0.000022 0.525055 0.474901 0.000022
 0.000022 0.474901 0.525055 0.000022
 0.999920 0.000029 0.000029 0.000022
 0.000022 0.999927 0.000029 0.000022
 0.286819 0.229859 0.314238 0.169084
 0.244268 0.235456 0.263699 0.256577
 0.197138 0.338982 0.259379 0.204501
 0.211016 0.252829 0.305526 0.230629
 0.311193 0.169899 0.186731 0.332177

MOTIF 3-AGANNNNSNRTAA STREME-3
letter-probability matrix: alength= 4 w= 13 nsites= 163 E= 6.5e-023
 0.999874 0.000046 0.000046 0.000035
 0.000035 0.000046 0.999885 0.000035
 0.999874 0.000046 0.000046 0.000035
 0.348355 0.215621 0.220413 0.215611
 0.233213 0.207082 0.242624 0.317080
 0.260858 0.265658 0.202351 0.271133
 0.201877 0.269631 0.226903 0.301589
 0.145700 0.409629 0.292658 0.152013
 0.258745 0.235446 0.284546 0.221263
 0.484088 0.000046 0.515832 0.000035
 0.000035 0.000046 0.000046 0.999874
 0.999874 0.000046 0.000046 0.000035
 0.999874 0.000046 0.000046 0.000035

MOTIF 4-HGGCCCAGSNBN STREME-4
letter-probability matrix: alength= 4 w= 12 nsites= 119 E= 1.7e-012
 0.310282 0.315241 0.040883 0.333594
 0.000053 0.000069 0.970571 0.029307
 0.000053 0.000069 0.999825 0.000053
 0.000053 0.999825 0.000069 0.000053
 0.000053 0.999825 0.000069 0.000053
 0.000053 0.999825 0.000069 0.000053
 0.999809 0.000069 0.000069 0.000053
 0.000053 0.000069 0.999825 0.000053
 0.109276 0.428180 0.339858 0.122685
 0.224982 0.364991 0.219778 0.190249
 0.135484 0.262330 0.270202 0.331983
 0.202534 0.175466 0.349871 0.272130

MOTIF 5-CCGACGTYCHCGGW STREME-5
letter-probability matrix: alength= 4 w= 14 nsites= 34 E= 3.1e-001
 0.000151 0.596604 0.217162 0.186084
 0.000151 0.875549 0.124150 0.000151
 0.000151 0.062176 0.937522 0.000151
 0.999456 0.000197 0.000197 0.000151
 0.000151 0.999502 0.000197 0.000151
 0.000151 0.000197 0.999502 0.000151
 0.000151 0.000197 0.000197 0.999456
 0.000151 0.627604 0.000197 0.372049
 0.000151 0.677262 0.322437 0.000151
 0.248103 0.260470 0.000197 0.491231
 0.000151 0.849302 0.150397 0.000151
 0.150351 0.105511 0.651008 0.093130
 0.274304 0.124156 0.601389 0.000151
 0.460270 0.000197 0.167491 0.372043

MOTIF 6-ACGTCCATVAKCA STREME-6
letter-probability matrix: alength= 4 w= 13 nsites= 9 E= 3.1e-001
 0.997699 0.000832 0.000832 0.000637
 0.000637 0.886937 0.000832 0.111594
 0.000637 0.000832 0.997894 0.000637
 0.000637 0.000832 0.000832 0.997699
 0.131791 0.866740 0.000832 0.000637
 0.000637 0.997894 0.000832 0.000637
 0.866545 0.000832 0.000832 0.131791
 0.000637 0.000832 0.000832 0.997699
 0.341875 0.394321 0.263167 0.000637
 0.886742 0.000832 0.111788 0.000637
 0.230918 0.000832 0.263167 0.505083
 0.000637 0.735558 0.000832 0.262973
 0.997699 0.000832 0.000832 0.000637

MOTIF 7-GATVAAATCARTKC STREME-7
letter-probability matrix: alength= 4 w= 14 nsites= 16 E= 9.0e+000
 0.000306 0.000400 0.998988 0.000306
 0.998894 0.000400 0.000400 0.000306
 0.000306 0.189447 0.000400 0.809847
 0.252369 0.441537 0.305788 0.000306
 0.809834 0.000400 0.189460 0.000306
 0.756522 0.242772 0.000400 0.000306
 0.746831 0.063415 0.000400 0.189354
 0.252396 0.189447 0.000400 0.557757
 0.000306 0.882661 0.116727 0.000306
 0.567475 0.000400 0.252476 0.179649
 0.620773 0.000400 0.378521 0.000306
 0.000306 0.000400 0.000400 0.998894
 0.126351 0.000400 0.441523 0.431726
 0.000306 0.998988 0.000400 0.000306

MOTIF 8-AMGCYTTCGCKTC STREME-8
letter-probability matrix: alength= 4 w= 13 nsites= 6 E= 9.0e+000
 0.996964 0.001098 0.001098 0.000841
 0.650825 0.347237 0.001098 0.000841
 0.000841 0.001098 0.997221 0.000841
 0.000841 0.997221 0.001098 0.000841
 0.000841 0.347237 0.001098 0.650825
 0.000841 0.001098 0.001098 0.996964
 0.000841 0.001098 0.001098 0.996964
 0.000841 0.997221 0.001098 0.000841
 0.000841 0.001098 0.997221 0.000841
 0.000841 0.997221 0.001098 0.000841
 0.000841 0.001098 0.651081 0.346980
 0.000841 0.001098 0.001098 0.996964
 0.000841 0.997221 0.001098 0.000841

MOTIF 9-ACGCCGGATAC STREME-9
letter-probability matrix: alength= 4 w= 11 nsites= 5 E= 9.0e+000
 0.996396 0.001303 0.001303 0.000998
 0.206395 0.791304 0.001303 0.000998
 0.000998 0.001303 0.996701 0.000998
 0.000998 0.996701 0.001303 0.000998
 0.000998 0.996701 0.001303 0.000998
 0.000998 0.001303 0.996701 0.000998
 0.000998 0.001303 0.996701 0.000998
 0.996396 0.001303 0.001303 0.000998
 0.000998 0.001303 0.175069 0.822630
 0.996396 0.001303 0.001303 0.000998
 0.000998 0.791304 0.001303 0.206395

********************************************************************************
Stopped because 3 consecutive motifs exceeded the p-value threshold (0.05).
********************************************************************************
COMMAND:	streme --dna --p data/STREME_Inputs/SQK-NBD114-24_barcode13_1_intergenic_pos.fasta --n data/STREME_Inputs/SQK-NBD114-24_barcode13_1_control.fasta --oc data/STREME_Outputs/SQK-NBD114-24_barcode13_1_intergenic
********************************************************************************
CPU:		node133
********************************************************************************
FINALTIME:	270.80 seconds
********************************************************************************
