********************************************************************************
STREME - Sensitive, Thorough, Rapid, Enriched Motif Elicitation
********************************************************************************
MEME version 5.5.8 (Release date: Thu May 15 15:01:46 2025 -0700)

For further information on how to interpret these results please access https://meme-suite.org/meme.
To get a copy of the MEME Suite software please access https://meme-suite.org.

********************************************************************************


********************************************************************************
REFERENCE
********************************************************************************
If you use this program in your research, please cite:

Timothy L. Bailey,
"STREME: accurate and versatile sequence motif discovery",
Bioinformatics, Mar. 24, 2021.
********************************************************************************


ALPHABET= ACGT

strands: + -

Background letter frequencies
A 0.195 C 0.305 G 0.305 T 0.195 

MOTIF 1-BGATTCSBNNNNNN STREME-1
letter-probability matrix: alength= 4 w= 14 nsites= 867 E= 3.3e-117
 0.167354 0.272503 0.366772 0.193371
 0.000006 0.000009 0.999980 0.000006
 0.999977 0.000009 0.000009 0.000006
 0.000006 0.267995 0.002643 0.729357
 0.000006 0.000009 0.000009 0.999977
 0.000006 0.999980 0.000009 0.000006
 0.131480 0.325331 0.389475 0.153714
 0.152114 0.300272 0.353875 0.193739
 0.249403 0.245094 0.289350 0.216153
 0.215205 0.261818 0.265879 0.257097
 0.230968 0.299166 0.251194 0.218672
 0.271507 0.236908 0.263300 0.228285
 0.255387 0.263332 0.279299 0.201982
 0.252137 0.229772 0.287001 0.231090

MOTIF 2-AAGBHNNBNTGGA STREME-2
letter-probability matrix: alength= 4 w= 13 nsites= 123 E= 8.7e-016
 0.999835 0.000063 0.000063 0.000040
 0.999835 0.000063 0.000063 0.000040
 0.000040 0.000063 0.999857 0.000040
 0.131718 0.341198 0.351037 0.176047
 0.179462 0.338953 0.158946 0.322639
 0.254968 0.232243 0.331925 0.180864
 0.249336 0.172442 0.297108 0.281114
 0.180276 0.374049 0.213442 0.232233
 0.244871 0.277164 0.258389 0.219576
 0.000040 0.000063 0.000063 0.999835
 0.000040 0.000063 0.999857 0.000040
 0.000040 0.000063 0.999857 0.000040
 0.999835 0.000063 0.000063 0.000040

MOTIF 3-AAGCCTWYKCCTC STREME-3
letter-probability matrix: alength= 4 w= 13 nsites= 9 E= 1.1e-003
 0.997310 0.001018 0.001018 0.000653
 0.997310 0.001018 0.001018 0.000653
 0.000653 0.001018 0.997675 0.000653
 0.000653 0.997675 0.001018 0.000653
 0.000653 0.997675 0.001018 0.000653
 0.000653 0.001018 0.151871 0.846458
 0.453244 0.001018 0.001018 0.544720
 0.000653 0.568071 0.128884 0.302391
 0.000653 0.001018 0.417219 0.581110
 0.000653 0.732327 0.115514 0.151506
 0.000653 0.997675 0.001018 0.000653
 0.000653 0.001018 0.001018 0.997310
 0.000653 0.997675 0.001018 0.000653

MOTIF 4-GAAGCGSCKMACTC STREME-4
letter-probability matrix: alength= 4 w= 14 nsites= 13 E= 9.8e-002
 0.000368 0.000573 0.998692 0.000368
 0.998487 0.000573 0.000573 0.000368
 0.998487 0.000573 0.000573 0.000368
 0.000368 0.000573 0.998692 0.000368
 0.170151 0.828908 0.000573 0.000368
 0.000368 0.000573 0.998692 0.000368
 0.000368 0.509905 0.404478 0.085250
 0.000368 0.998692 0.000573 0.000368
 0.000368 0.000573 0.509905 0.489155
 0.404272 0.509905 0.000573 0.085250
 0.574074 0.085455 0.170338 0.170132
 0.000368 0.998692 0.000573 0.000368
 0.000368 0.000573 0.000573 0.998487
 0.000368 0.998692 0.000573 0.000368

MOTIF 5-AGCAACAAGCTC STREME-5
letter-probability matrix: alength= 4 w= 12 nsites= 9 E= 9.8e-002
 0.997536 0.000933 0.000933 0.000598
 0.000598 0.000933 0.997871 0.000598
 0.000598 0.997871 0.000933 0.000598
 0.997536 0.000933 0.000933 0.000598
 0.997536 0.000933 0.000933 0.000598
 0.000598 0.997871 0.000933 0.000598
 0.997536 0.000933 0.000933 0.000598
 0.859357 0.139112 0.000933 0.000598
 0.000598 0.000933 0.997871 0.000598
 0.000598 0.997871 0.000933 0.000598
 0.000598 0.000933 0.000933 0.997536
 0.000598 0.859691 0.000933 0.138778

MOTIF 6-AAGAAATSWSCTC STREME-6
letter-probability matrix: alength= 4 w= 13 nsites= 4 E= 9.8e-002
 0.994101 0.002233 0.002233 0.001433
 0.994101 0.002233 0.002233 0.001433
 0.001433 0.002233 0.994901 0.001433
 0.994101 0.002233 0.002233 0.001433
 0.994101 0.002233 0.002233 0.001433
 0.994101 0.002233 0.002233 0.001433
 0.001433 0.002233 0.002233 0.994101
 0.001433 0.664012 0.333123 0.001433
 0.663211 0.002233 0.002233 0.332322
 0.001433 0.664012 0.333123 0.001433
 0.001433 0.994901 0.002233 0.001433
 0.001433 0.002233 0.002233 0.994101
 0.001433 0.994901 0.002233 0.001433

MOTIF 7-AAGCTTGCGCCTCG STREME-7
letter-probability matrix: alength= 4 w= 14 nsites= 5 E= 9.0e+000
 0.996339 0.001386 0.001386 0.000889
 0.996339 0.001386 0.001386 0.000889
 0.000889 0.001386 0.996836 0.000889
 0.000889 0.996836 0.001386 0.000889
 0.174939 0.001386 0.001386 0.822289
 0.206228 0.001386 0.001386 0.791000
 0.206228 0.175436 0.617447 0.000889
 0.206228 0.791497 0.001386 0.000889
 0.000889 0.175436 0.822786 0.000889
 0.000889 0.791497 0.001386 0.206228
 0.000889 0.996836 0.001386 0.000889
 0.000889 0.001386 0.001386 0.996339
 0.000889 0.996836 0.001386 0.000889
 0.000889 0.001386 0.791497 0.206228

MOTIF 8-AGAGBGCCTGGCTTC STREME-8
letter-probability matrix: alength= 4 w= 15 nsites= 5 E= 9.0e+000
 0.995393 0.001744 0.001744 0.001119
 0.001119 0.001744 0.996018 0.001119
 0.995393 0.001744 0.001744 0.001119
 0.001119 0.001744 0.996018 0.001119
 0.001119 0.260157 0.260157 0.478568
 0.001119 0.001744 0.996018 0.001119
 0.001119 0.737606 0.260157 0.001119
 0.259531 0.737606 0.001744 0.001119
 0.001119 0.260157 0.001744 0.736980
 0.001119 0.260157 0.737606 0.001119
 0.259531 0.001744 0.737606 0.001119
 0.001119 0.996018 0.001744 0.001119
 0.001119 0.001744 0.001744 0.995393
 0.001119 0.001744 0.001744 0.995393
 0.001119 0.996018 0.001744 0.001119

MOTIF 9-AAGCGATTTCCTCT STREME-9
letter-probability matrix: alength= 4 w= 14 nsites= 5 E= 9.0e+000
 0.996053 0.001494 0.001494 0.000959
 0.996053 0.001494 0.001494 0.000959
 0.000959 0.001494 0.996589 0.000959
 0.222344 0.775203 0.001494 0.000959
 0.000959 0.001494 0.775203 0.222344
 0.996053 0.001494 0.001494 0.000959
 0.000959 0.001494 0.222880 0.774668
 0.000959 0.001494 0.222880 0.774668
 0.000959 0.222880 0.001494 0.774668
 0.222344 0.553818 0.001494 0.222344
 0.000959 0.996589 0.001494 0.000959
 0.000959 0.001494 0.001494 0.996053
 0.000959 0.996589 0.001494 0.000959
 0.222344 0.001494 0.001494 0.774668

********************************************************************************
Stopped because 3 consecutive motifs exceeded the p-value threshold (0.05).
********************************************************************************
COMMAND:	streme --dna --p data/STREME_Inputs/SQK-NBD114-24_barcode12_2_intergenic_pos.fasta --n data/STREME_Inputs/SQK-NBD114-24_barcode12_2_control.fasta --oc data/STREME_Outputs/SQK-NBD114-24_barcode12_2_intergenic
********************************************************************************
CPU:		node152
********************************************************************************
FINALTIME:	348.34 seconds
********************************************************************************
