********************************************************************************
STREME - Sensitive, Thorough, Rapid, Enriched Motif Elicitation
********************************************************************************
MEME version 5.5.8 (Release date: Thu May 15 15:01:46 2025 -0700)

For further information on how to interpret these results please access https://meme-suite.org/meme.
To get a copy of the MEME Suite software please access https://meme-suite.org.

********************************************************************************


********************************************************************************
REFERENCE
********************************************************************************
If you use this program in your research, please cite:

Timothy L. Bailey,
"STREME: accurate and versatile sequence motif discovery",
Bioinformatics, Mar. 24, 2021.
********************************************************************************


ALPHABET= ACGT

strands: + -

Background letter frequencies
A 0.276 C 0.224 G 0.224 T 0.276 

MOTIF 1-VAHGATCVMDNNNNN STREME-1
letter-probability matrix: alength= 4 w= 15 nsites= 13451 E= 1.7e-856
 0.282493 0.242622 0.371440 0.103445
 0.463651 0.220719 0.213685 0.101946
 0.297906 0.230588 0.115070 0.356435
 0.000001 0.000001 0.999996 0.000001
 0.999996 0.000001 0.000001 0.000001
 0.000001 0.000001 0.000001 0.999996
 0.000001 0.999996 0.000001 0.000001
 0.379799 0.254729 0.203958 0.161514
 0.401222 0.277877 0.161513 0.159388
 0.378701 0.167095 0.239191 0.215013
 0.342254 0.203027 0.209420 0.245300
 0.242737 0.265271 0.191478 0.300514
 0.238482 0.272710 0.283696 0.205112
 0.310833 0.197396 0.233292 0.258478
 0.238710 0.247414 0.174420 0.339455

MOTIF 2-NNNNNCCWGGNNNNN STREME-2
letter-probability matrix: alength= 4 w= 15 nsites= 6729 E= 4.3e-427
 0.238774 0.261322 0.199275 0.300630
 0.277412 0.206237 0.193402 0.322949
 0.296539 0.209063 0.217036 0.277362
 0.284013 0.239638 0.197663 0.278685
 0.309035 0.177192 0.334877 0.178895
 0.000003 0.999992 0.000002 0.000003
 0.000003 0.999992 0.000002 0.000003
 0.499998 0.000002 0.000002 0.499998
 0.000003 0.000002 0.999992 0.000003
 0.000003 0.000002 0.999992 0.000003
 0.178895 0.334877 0.177192 0.309035
 0.278685 0.197663 0.239638 0.284013
 0.277362 0.217036 0.209063 0.296539
 0.322949 0.193402 0.206237 0.277412
 0.300630 0.199275 0.261322 0.238774

MOTIF 3-HATCDNNNNHGTC STREME-3
letter-probability matrix: alength= 4 w= 13 nsites= 2286 E= 4.6e-124
 0.215857 0.395803 0.063523 0.324818
 0.999977 0.000007 0.000007 0.000009
 0.000009 0.000007 0.000007 0.999977
 0.000009 0.999975 0.000007 0.000009
 0.359809 0.118834 0.283254 0.238103
 0.352095 0.206472 0.212768 0.228664
 0.192359 0.299477 0.201487 0.306677
 0.313133 0.218651 0.225786 0.242430
 0.334086 0.175556 0.170502 0.319856
 0.210634 0.340663 0.162439 0.286264
 0.000009 0.000007 0.999975 0.000009
 0.000009 0.000007 0.000007 0.999977
 0.000009 0.999975 0.000007 0.000009

MOTIF 4-NCYAAYDBBKCTTBN STREME-4
letter-probability matrix: alength= 4 w= 15 nsites= 1396 E= 3.9e-063
 0.207830 0.209293 0.252308 0.330570
 0.000019 0.999948 0.000015 0.000019
 0.000019 0.402912 0.000015 0.597054
 0.999951 0.000015 0.000015 0.000019
 0.999951 0.000015 0.000015 0.000019
 0.000019 0.455761 0.000015 0.544205
 0.315877 0.103803 0.228584 0.351735
 0.079825 0.338133 0.314764 0.267278
 0.138392 0.297236 0.246544 0.317827
 0.184522 0.169425 0.374735 0.271318
 0.000019 0.999948 0.000015 0.000019
 0.000019 0.000015 0.000015 0.999951
 0.000019 0.000015 0.000015 0.999951
 0.132437 0.305935 0.203183 0.358445
 0.342140 0.179870 0.186877 0.291113

MOTIF 5-MCTCGAGHRADBNHD STREME-5
letter-probability matrix: alength= 4 w= 15 nsites= 345 E= 8.8e-015
 0.352695 0.309184 0.172901 0.165221
 0.000058 0.999837 0.000047 0.000058
 0.000058 0.000047 0.000047 0.999848
 0.000058 0.999837 0.000047 0.000058
 0.000058 0.000047 0.999837 0.000058
 0.999848 0.000047 0.000047 0.000058
 0.000058 0.000047 0.999837 0.000058
 0.411968 0.312592 0.035890 0.239550
 0.397053 0.092251 0.329119 0.181577
 0.424839 0.171682 0.200501 0.202978
 0.238812 0.101927 0.407082 0.252178
 0.174259 0.228495 0.229628 0.367617
 0.242775 0.206458 0.304408 0.246359
 0.238714 0.313172 0.058458 0.389656
 0.235924 0.121535 0.216908 0.425632

MOTIF 6-TTGGATCCAA STREME-6
letter-probability matrix: alength= 4 w= 10 nsites= 18 E= 3.4e-001
 0.001821 0.001476 0.001476 0.995228
 0.001821 0.001476 0.055247 0.941456
 0.099022 0.001476 0.625856 0.273646
 0.001821 0.001476 0.994883 0.001821
 0.995228 0.001476 0.001476 0.001821
 0.001821 0.001476 0.001476 0.995228
 0.001821 0.994883 0.001476 0.001821
 0.273646 0.625856 0.001476 0.099022
 0.941456 0.055247 0.001476 0.001821
 0.995228 0.001476 0.001476 0.001821

MOTIF 7-CTCGAGCTKCSCAC STREME-7
letter-probability matrix: alength= 4 w= 14 nsites= 9 E= 9.0e+000
 0.001869 0.994749 0.001514 0.001869
 0.001869 0.001514 0.001514 0.995103
 0.001869 0.994749 0.001514 0.001869
 0.001869 0.001514 0.994749 0.001869
 0.995103 0.001514 0.001514 0.001869
 0.001869 0.001514 0.994749 0.001869
 0.001869 0.884390 0.001514 0.112227
 0.112227 0.001514 0.001514 0.884745
 0.001869 0.001514 0.332592 0.664025
 0.001869 0.884390 0.111873 0.001869
 0.001869 0.553312 0.442951 0.001869
 0.001869 0.553309 0.222234 0.222588
 0.995103 0.001514 0.001514 0.001869
 0.001869 0.663670 0.111873 0.222588

MOTIF 8-AGCCACCTCA STREME-8
letter-probability matrix: alength= 4 w= 10 nsites= 11 E= 9.0e+000
 0.934200 0.020345 0.020345 0.025109
 0.025109 0.020345 0.929436 0.025109
 0.025109 0.929436 0.020345 0.025109
 0.025109 0.929436 0.020345 0.025109
 0.934200 0.020345 0.020345 0.025109
 0.025109 0.929436 0.020345 0.025109
 0.025109 0.929436 0.020345 0.025109
 0.025109 0.020345 0.020345 0.934200
 0.025109 0.929436 0.020345 0.025109
 0.934200 0.020345 0.020345 0.025109

MOTIF 9-AAGATCWGCGCT STREME-9
letter-probability matrix: alength= 4 w= 12 nsites= 6 E= 9.0e+000
 0.989074 0.003378 0.003378 0.004169
 0.989074 0.003378 0.003378 0.004169
 0.004169 0.003378 0.988283 0.004169
 0.989074 0.003378 0.003378 0.004169
 0.004169 0.003378 0.003378 0.989074
 0.004169 0.988283 0.003378 0.004169
 0.496622 0.003378 0.003378 0.496622
 0.004169 0.003378 0.988283 0.004169
 0.004169 0.988283 0.003378 0.004169
 0.004169 0.003378 0.988283 0.004169
 0.004169 0.988283 0.003378 0.004169
 0.004169 0.003378 0.003378 0.989074

********************************************************************************
Stopped because 3 consecutive motifs exceeded the p-value threshold (0.05).
********************************************************************************
COMMAND:	streme --dna --p data/STREME_Inputs/SQK-NBD114-24_barcode16_6_gene_pos.fasta --n data/STREME_Inputs/SQK-NBD114-24_barcode16_6_control.fasta --oc data/STREME_Outputs/SQK-NBD114-24_barcode16_6_gene
********************************************************************************
CPU:		node133
********************************************************************************
FINALTIME:	617.99 seconds
********************************************************************************
