********************************************************************************
STREME - Sensitive, Thorough, Rapid, Enriched Motif Elicitation
********************************************************************************
MEME version 5.5.8 (Release date: Thu May 15 15:01:46 2025 -0700)

For further information on how to interpret these results please access https://meme-suite.org/meme.
To get a copy of the MEME Suite software please access https://meme-suite.org.

********************************************************************************


********************************************************************************
REFERENCE
********************************************************************************
If you use this program in your research, please cite:

Timothy L. Bailey,
"STREME: accurate and versatile sequence motif discovery",
Bioinformatics, Mar. 24, 2021.
********************************************************************************


ALPHABET= ACGT

strands: + -

Background letter frequencies
A 0.226 C 0.274 G 0.274 T 0.226 

MOTIF 1-NNNNNGAWTCNNNNN STREME-1
letter-probability matrix: alength= 4 w= 15 nsites= 1187 E= 3.7e-126
 0.274417 0.242363 0.286299 0.196922
 0.345001 0.188749 0.249840 0.216409
 0.266042 0.309344 0.186170 0.238444
 0.219190 0.290279 0.282169 0.208362
 0.225682 0.235569 0.327645 0.211104
 0.000006 0.000008 0.999980 0.000006
 0.999979 0.000008 0.000008 0.000006
 0.347025 0.152975 0.152975 0.347025
 0.000006 0.000008 0.000008 0.999979
 0.000006 0.999980 0.000008 0.000006
 0.211104 0.327645 0.235569 0.225682
 0.208362 0.282169 0.290279 0.219190
 0.238444 0.186170 0.309344 0.266042
 0.216409 0.249840 0.188749 0.345001
 0.196922 0.286299 0.242363 0.274417

MOTIF 2-CCAGGNNNNN STREME-2
letter-probability matrix: alength= 4 w= 10 nsites= 1395 E= 2.0e-118
 0.000006 0.999980 0.000008 0.000006
 0.000006 0.989678 0.000008 0.010309
 0.997273 0.000008 0.000008 0.002712
 0.000006 0.000008 0.999980 0.000006
 0.000006 0.000008 0.999980 0.000006
 0.257850 0.289238 0.239975 0.212937
 0.246560 0.256040 0.254940 0.242460
 0.262380 0.222989 0.318355 0.196275
 0.248318 0.246814 0.258957 0.245910
 0.270676 0.254926 0.255486 0.218912

MOTIF 3-GAGRNNNNVATGA STREME-3
letter-probability matrix: alength= 4 w= 13 nsites= 299 E= 1.6e-040
 0.000025 0.000031 0.999919 0.000025
 0.999913 0.000031 0.000031 0.000025
 0.000025 0.000031 0.999919 0.000025
 0.263796 0.191183 0.479814 0.065207
 0.246181 0.263356 0.231371 0.259092
 0.185404 0.283824 0.202702 0.328071
 0.290954 0.201940 0.318209 0.188897
 0.239374 0.281978 0.222727 0.255921
 0.237090 0.339472 0.266201 0.157237
 0.674610 0.000031 0.325334 0.000025
 0.000025 0.000031 0.000031 0.999913
 0.000025 0.000031 0.999919 0.000025
 0.999913 0.000031 0.000031 0.000025

MOTIF 4-CCAGHNVMHBGTC STREME-4
letter-probability matrix: alength= 4 w= 13 nsites= 108 E= 4.0e-020
 0.000074 0.999763 0.000089 0.000074
 0.000074 0.999763 0.000089 0.000074
 0.999747 0.000089 0.000089 0.000074
 0.000074 0.000089 0.999763 0.000074
 0.319196 0.340840 0.000089 0.339874
 0.320071 0.225150 0.207972 0.246807
 0.360611 0.409702 0.229613 0.000074
 0.368199 0.288279 0.177976 0.165546
 0.227347 0.330687 0.112617 0.329348
 0.103341 0.231828 0.388059 0.276772
 0.000074 0.000089 0.999763 0.000074
 0.000074 0.000089 0.000089 0.999747
 0.000074 0.999763 0.000089 0.000074

MOTIF 5-CTCCCGTMGRWGT STREME-5
letter-probability matrix: alength= 4 w= 13 nsites= 6 E= 2.4e-001
 0.001279 0.995893 0.001549 0.001279
 0.001279 0.001549 0.001549 0.995623
 0.001279 0.995893 0.001549 0.001279
 0.001279 0.995893 0.001549 0.001279
 0.001279 0.995893 0.001549 0.001279
 0.001279 0.001549 0.995893 0.001279
 0.001279 0.001549 0.001549 0.995623
 0.597898 0.399274 0.001549 0.001279
 0.001279 0.001549 0.995893 0.001279
 0.399005 0.001549 0.598167 0.001279
 0.597898 0.001549 0.001549 0.399005
 0.001279 0.001549 0.995893 0.001279
 0.001279 0.001549 0.001549 0.995623

MOTIF 6-CCCAGACCKWGGTC STREME-6
letter-probability matrix: alength= 4 w= 14 nsites= 20 E= 8.0e+000
 0.054756 0.835658 0.109236 0.000350
 0.000350 0.998876 0.000424 0.000350
 0.000350 0.998876 0.000424 0.000350
 0.998803 0.000424 0.000424 0.000350
 0.000350 0.000424 0.998876 0.000350
 0.998803 0.000424 0.000424 0.000350
 0.217980 0.563617 0.109241 0.109162
 0.000350 0.998876 0.000424 0.000350
 0.217980 0.000424 0.272459 0.509138
 0.435609 0.000424 0.000424 0.563544
 0.163568 0.272465 0.563617 0.000350
 0.000350 0.000424 0.998876 0.000350
 0.000350 0.000424 0.000424 0.998803
 0.000350 0.998876 0.000424 0.000350

MOTIF 7-CCAGCATCSSGTCC STREME-7
letter-probability matrix: alength= 4 w= 14 nsites= 8 E= 8.0e+000
 0.000821 0.997364 0.000994 0.000821
 0.000821 0.997364 0.000994 0.000821
 0.997191 0.000994 0.000994 0.000821
 0.000821 0.000994 0.997364 0.000821
 0.000821 0.997364 0.000994 0.000821
 0.997191 0.000994 0.000994 0.000821
 0.000821 0.000994 0.000994 0.997191
 0.128440 0.869745 0.000994 0.000821
 0.000821 0.359246 0.639112 0.000821
 0.231442 0.511494 0.256244 0.000821
 0.000821 0.000994 0.997364 0.000821
 0.000821 0.000994 0.000994 0.997191
 0.000821 0.997364 0.000994 0.000821
 0.256071 0.639112 0.103996 0.000821

MOTIF 8-ACAGCCGGAA STREME-8
letter-probability matrix: alength= 4 w= 10 nsites= 7 E= 8.0e+000
 0.929655 0.024891 0.024891 0.020564
 0.020564 0.933982 0.024891 0.020564
 0.929655 0.024891 0.024891 0.020564
 0.020564 0.024891 0.933982 0.020564
 0.020564 0.933982 0.024891 0.020564
 0.020564 0.933982 0.024891 0.020564
 0.020564 0.024891 0.933982 0.020564
 0.020564 0.024891 0.933982 0.020564
 0.929655 0.024891 0.024891 0.020564
 0.929655 0.024891 0.024891 0.020564

********************************************************************************
Stopped because 3 consecutive motifs exceeded the p-value threshold (0.05).
********************************************************************************
COMMAND:	streme --dna --p data/STREME_Inputs/SQK-NBD114-24_barcode18_8_intergenic_pos.fasta --n data/STREME_Inputs/SQK-NBD114-24_barcode18_8_control.fasta --oc data/STREME_Outputs/SQK-NBD114-24_barcode18_8_intergenic
********************************************************************************
CPU:		node152
********************************************************************************
FINALTIME:	407.59 seconds
********************************************************************************
