********************************************************************************
STREME - Sensitive, Thorough, Rapid, Enriched Motif Elicitation
********************************************************************************
MEME version 5.5.8 (Release date: Thu May 15 15:01:46 2025 -0700)

For further information on how to interpret these results please access https://meme-suite.org/meme.
To get a copy of the MEME Suite software please access https://meme-suite.org.

********************************************************************************


********************************************************************************
REFERENCE
********************************************************************************
If you use this program in your research, please cite:

Timothy L. Bailey,
"STREME: accurate and versatile sequence motif discovery",
Bioinformatics, Mar. 24, 2021.
********************************************************************************


ALPHABET= ACGT

strands: + -

Background letter frequencies
A 0.195 C 0.305 G 0.305 T 0.195 

MOTIF 1-NNNBSGAWTCSVNNN STREME-1
letter-probability matrix: alength= 4 w= 15 nsites= 3705 E= 2.5e-441
 0.211337 0.295326 0.269733 0.223605
 0.202778 0.288066 0.336581 0.172575
 0.233864 0.320434 0.265069 0.180633
 0.149836 0.361839 0.283441 0.204885
 0.123284 0.380847 0.400215 0.095655
 0.000002 0.000003 0.999993 0.000002
 0.999992 0.000003 0.000003 0.000002
 0.388240 0.111760 0.111760 0.388240
 0.000002 0.000003 0.000003 0.999992
 0.000002 0.999993 0.000003 0.000002
 0.095655 0.400215 0.380847 0.123284
 0.204885 0.283441 0.361839 0.149836
 0.180633 0.265069 0.320434 0.233864
 0.172575 0.336581 0.288066 0.202778
 0.223605 0.269733 0.295326 0.211337

MOTIF 2-TCCABVNSSBCTTCV STREME-2
letter-probability matrix: alength= 4 w= 15 nsites= 778 E= 1.9e-085
 0.000010 0.000015 0.000015 0.999959
 0.000010 0.999965 0.000015 0.000010
 0.000010 0.999965 0.000015 0.000010
 0.999959 0.000015 0.000015 0.000010
 0.037710 0.255618 0.466314 0.240358
 0.192096 0.374542 0.247138 0.186224
 0.299619 0.287446 0.206498 0.206437
 0.149643 0.415260 0.269907 0.165191
 0.118554 0.295638 0.424328 0.161481
 0.133560 0.314451 0.299301 0.252687
 0.000010 0.999965 0.000015 0.000010
 0.000010 0.000015 0.000015 0.999959
 0.000010 0.000015 0.000015 0.999959
 0.013238 0.643637 0.220521 0.122605
 0.209171 0.272115 0.355244 0.163470

MOTIF 3-AAGVSVNSVBCTC STREME-3
letter-probability matrix: alength= 4 w= 13 nsites= 517 E= 7.0e-044
 0.999940 0.000023 0.000023 0.000014
 0.999940 0.000023 0.000023 0.000014
 0.000014 0.000023 0.999948 0.000014
 0.205370 0.399315 0.231537 0.163779
 0.130973 0.427653 0.241176 0.200198
 0.190582 0.269997 0.371753 0.167668
 0.222668 0.253274 0.246561 0.277497
 0.152488 0.384058 0.310211 0.153243
 0.241961 0.226462 0.359032 0.172546
 0.115700 0.280416 0.332190 0.271694
 0.000014 0.999948 0.000023 0.000014
 0.000014 0.000023 0.000023 0.999940
 0.000014 0.999948 0.000023 0.000014

MOTIF 4-CCGGCCGGCGAKCC STREME-4
letter-probability matrix: alength= 4 w= 14 nsites= 4 E= 6.0e+000
 0.263987 0.731686 0.002641 0.001686
 0.001686 0.993987 0.002641 0.001686
 0.001686 0.002641 0.993987 0.001686
 0.001686 0.002641 0.993987 0.001686
 0.001686 0.993987 0.002641 0.001686
 0.001686 0.993987 0.002641 0.001686
 0.001686 0.002641 0.993987 0.001686
 0.001686 0.002641 0.993987 0.001686
 0.001686 0.993987 0.002641 0.001686
 0.001686 0.002641 0.993987 0.001686
 0.993031 0.002641 0.002641 0.001686
 0.001686 0.002641 0.469367 0.526306
 0.001686 0.789562 0.002641 0.206110
 0.001686 0.993987 0.002641 0.001686

MOTIF 5-AGGCCGGACSGACVK STREME-5
letter-probability matrix: alength= 4 w= 15 nsites= 3 E= 6.0e+000
 0.991240 0.003320 0.003320 0.002119
 0.002119 0.003320 0.992441 0.002119
 0.002119 0.003320 0.992441 0.002119
 0.002119 0.992441 0.003320 0.002119
 0.002119 0.992441 0.003320 0.002119
 0.002119 0.003320 0.992441 0.002119
 0.002119 0.003320 0.992441 0.002119
 0.991240 0.003320 0.003320 0.002119
 0.002119 0.992441 0.003320 0.002119
 0.002119 0.662734 0.333027 0.002119
 0.002119 0.003320 0.992441 0.002119
 0.991240 0.003320 0.003320 0.002119
 0.002119 0.992441 0.003320 0.002119
 0.331826 0.333027 0.333027 0.002119
 0.002119 0.003320 0.662734 0.331826

MOTIF 6-CTCCGGCCGAAGCCA STREME-6
letter-probability matrix: alength= 4 w= 15 nsites= 2 E= 6.0e+000
 0.017709 0.936836 0.027745 0.017709
 0.017709 0.027745 0.027745 0.926800
 0.017709 0.936836 0.027745 0.017709
 0.017709 0.936836 0.027745 0.017709
 0.017709 0.027745 0.936836 0.017709
 0.017709 0.027745 0.936836 0.017709
 0.017709 0.936836 0.027745 0.017709
 0.017709 0.936836 0.027745 0.017709
 0.017709 0.027745 0.936836 0.017709
 0.926800 0.027745 0.027745 0.017709
 0.926800 0.027745 0.027745 0.017709
 0.017709 0.027745 0.936836 0.017709
 0.017709 0.936836 0.027745 0.017709
 0.017709 0.936836 0.027745 0.017709
 0.926800 0.027745 0.027745 0.017709

********************************************************************************
Stopped because 3 consecutive motifs exceeded the p-value threshold (0.05).
********************************************************************************
COMMAND:	streme --dna --p data/STREME_Inputs/SQK-NBD114-24_barcode10_1_gene_pos.fasta --n data/STREME_Inputs/SQK-NBD114-24_barcode10_1_control.fasta --oc data/STREME_Outputs/SQK-NBD114-24_barcode10_1_gene
********************************************************************************
CPU:		node131
********************************************************************************
FINALTIME:	226.09 seconds
********************************************************************************
