********************************************************************************
STREME - Sensitive, Thorough, Rapid, Enriched Motif Elicitation
********************************************************************************
MEME version 5.5.8 (Release date: Thu May 15 15:01:46 2025 -0700)

For further information on how to interpret these results please access https://meme-suite.org/meme.
To get a copy of the MEME Suite software please access https://meme-suite.org.

********************************************************************************


********************************************************************************
REFERENCE
********************************************************************************
If you use this program in your research, please cite:

Timothy L. Bailey,
"STREME: accurate and versatile sequence motif discovery",
Bioinformatics, Mar. 24, 2021.
********************************************************************************


ALPHABET= ACGT

strands: + -

Background letter frequencies
A 0.195 C 0.305 G 0.305 T 0.195 

MOTIF 1-NNNNNGAWTCNNNNN STREME-1
letter-probability matrix: alength= 4 w= 15 nsites= 833 E= 1.2e-128
 0.258408 0.241307 0.253748 0.246537
 0.268842 0.239735 0.266238 0.225185
 0.236371 0.272907 0.254027 0.236695
 0.173948 0.342562 0.301458 0.182031
 0.164941 0.323145 0.323174 0.188740
 0.000006 0.000009 0.999979 0.000006
 0.999976 0.000009 0.000009 0.000006
 0.360685 0.139315 0.139315 0.360685
 0.000006 0.000009 0.000009 0.999976
 0.000006 0.999979 0.000009 0.000006
 0.188740 0.323174 0.323145 0.164941
 0.182031 0.301458 0.342562 0.173948
 0.236695 0.254027 0.272907 0.236371
 0.225185 0.266238 0.239735 0.268842
 0.246537 0.253748 0.241307 0.258408

MOTIF 2-TCCANNNNVVCTTS STREME-2
letter-probability matrix: alength= 4 w= 14 nsites= 118 E= 7.7e-013
 0.000040 0.000063 0.000063 0.999834
 0.000040 0.999857 0.000063 0.000040
 0.000040 0.999857 0.000063 0.000040
 0.999834 0.000063 0.000063 0.000040
 0.287704 0.245350 0.238023 0.228922
 0.241078 0.218792 0.345679 0.194450
 0.248157 0.265416 0.222448 0.263979
 0.175800 0.312868 0.265418 0.245914
 0.309181 0.233193 0.327035 0.130591
 0.200119 0.291974 0.362327 0.145580
 0.000040 0.999857 0.000063 0.000040
 0.000040 0.000063 0.000063 0.999834
 0.000040 0.000063 0.000063 0.999834
 0.074641 0.436101 0.315704 0.173555

MOTIF 3-GAAGSCKSHWMCTC STREME-3
letter-probability matrix: alength= 4 w= 14 nsites= 31 E= 2.4e-003
 0.000162 0.000253 0.999423 0.000162
 0.999332 0.000253 0.000253 0.000162
 0.999332 0.000253 0.000253 0.000162
 0.000162 0.000253 0.999423 0.000162
 0.000162 0.527232 0.402878 0.069728
 0.037800 0.704010 0.258027 0.000162
 0.000162 0.000253 0.628733 0.370851
 0.220298 0.483874 0.295666 0.000162
 0.252226 0.414300 0.075538 0.257936
 0.622923 0.000253 0.037891 0.338932
 0.414217 0.226100 0.177031 0.182651
 0.000162 0.999423 0.000253 0.000162
 0.000162 0.000253 0.000253 0.999332
 0.000162 0.999423 0.000253 0.000162

MOTIF 4-GAAGMYRRSCCCTC STREME-4
letter-probability matrix: alength= 4 w= 14 nsites= 11 E= 1.5e-001
 0.000458 0.000714 0.998371 0.000458
 0.998115 0.000714 0.000714 0.000458
 0.998115 0.000714 0.000714 0.000458
 0.000458 0.000714 0.998371 0.000458
 0.515413 0.377206 0.000714 0.106667
 0.106667 0.287112 0.106923 0.499298
 0.393065 0.000714 0.605764 0.000458
 0.515413 0.000714 0.483416 0.000458
 0.212876 0.515669 0.270997 0.000458
 0.000458 0.695858 0.303227 0.000458
 0.000458 0.711973 0.197018 0.090552
 0.000458 0.998371 0.000714 0.000458
 0.000458 0.000714 0.000714 0.998115
 0.000458 0.998371 0.000714 0.000458

MOTIF 5-CGAAGSRACGADCTC STREME-5
letter-probability matrix: alength= 4 w= 15 nsites= 10 E= 7.0e+000
 0.101746 0.608581 0.000681 0.288992
 0.000436 0.000681 0.998446 0.000436
 0.998202 0.000681 0.000681 0.000436
 0.998202 0.000681 0.000681 0.000436
 0.000436 0.000681 0.998446 0.000436
 0.101746 0.304631 0.593187 0.000436
 0.390324 0.000681 0.608558 0.000436
 0.694274 0.203299 0.101990 0.000436
 0.000436 0.608581 0.187928 0.203055
 0.203077 0.000681 0.795805 0.000436
 0.694274 0.304608 0.000681 0.000436
 0.288992 0.000681 0.405940 0.304386
 0.000436 0.998446 0.000681 0.000436
 0.000436 0.000681 0.000681 0.998202
 0.000436 0.998446 0.000681 0.000436

MOTIF 6-GAGAATCGMHCTTC STREME-6
letter-probability matrix: alength= 4 w= 14 nsites= 6 E= 7.0e+000
 0.000715 0.001116 0.997453 0.000715
 0.997052 0.001116 0.001116 0.000715
 0.000715 0.001116 0.997453 0.000715
 0.830996 0.001116 0.167172 0.000715
 0.664940 0.001116 0.167172 0.166772
 0.000715 0.167172 0.167172 0.664940
 0.000715 0.997453 0.001116 0.000715
 0.000715 0.167172 0.831397 0.000715
 0.332828 0.499285 0.167172 0.000715
 0.332828 0.333228 0.001116 0.332828
 0.000715 0.997453 0.001116 0.000715
 0.000715 0.001116 0.001116 0.997052
 0.166772 0.001116 0.001116 0.830996
 0.000715 0.997453 0.001116 0.000715

MOTIF 7-GAAGCRASWWYCTC STREME-7
letter-probability matrix: alength= 4 w= 14 nsites= 6 E= 7.0e+000
 0.000734 0.001145 0.997387 0.000734
 0.996976 0.001145 0.001145 0.000734
 0.996976 0.001145 0.001145 0.000734
 0.000734 0.001145 0.997387 0.000734
 0.000734 0.997387 0.001145 0.000734
 0.511797 0.001145 0.486324 0.000734
 0.826634 0.171487 0.001145 0.000734
 0.000734 0.341828 0.512208 0.145230
 0.511797 0.001145 0.001145 0.485913
 0.341417 0.001145 0.001145 0.656293
 0.000734 0.486362 0.171487 0.341417
 0.000734 0.997387 0.001145 0.000734
 0.000734 0.001145 0.001145 0.996976
 0.000734 0.997387 0.001145 0.000734

********************************************************************************
Stopped because 3 consecutive motifs exceeded the p-value threshold (0.05).
********************************************************************************
COMMAND:	streme --dna --p data/STREME_Inputs/SQK-NBD114-24_barcode17_7_intergenic_pos.fasta --n data/STREME_Inputs/SQK-NBD114-24_barcode17_7_control.fasta --oc data/STREME_Outputs/SQK-NBD114-24_barcode17_7_intergenic
********************************************************************************
CPU:		node152
********************************************************************************
FINALTIME:	236.67 seconds
********************************************************************************
