********************************************************************************
STREME - Sensitive, Thorough, Rapid, Enriched Motif Elicitation
********************************************************************************
MEME version 5.5.8 (Release date: Thu May 15 15:01:46 2025 -0700)

For further information on how to interpret these results please access https://meme-suite.org/meme.
To get a copy of the MEME Suite software please access https://meme-suite.org.

********************************************************************************


********************************************************************************
REFERENCE
********************************************************************************
If you use this program in your research, please cite:

Timothy L. Bailey,
"STREME: accurate and versatile sequence motif discovery",
Bioinformatics, Mar. 24, 2021.
********************************************************************************


ALPHABET= ACGT

strands: + -

Background letter frequencies
A 0.216 C 0.284 G 0.284 T 0.216 

MOTIF 1-NYGTSSACRN STREME-1
letter-probability matrix: alength= 4 w= 10 nsites= 1776 E= 2.2e-129
 0.251912 0.253447 0.186326 0.308315
 0.119715 0.399983 0.189808 0.290493
 0.003401 0.000008 0.996585 0.000006
 0.000006 0.000008 0.000008 0.999977
 0.005804 0.514325 0.479866 0.000006
 0.000006 0.479866 0.514325 0.005804
 0.999977 0.000008 0.000008 0.000006
 0.000006 0.996585 0.000008 0.003401
 0.290493 0.189808 0.399983 0.119715
 0.308315 0.186326 0.253447 0.251912

MOTIF 2-CHGGCCCAGSNBNNB STREME-2
letter-probability matrix: alength= 4 w= 15 nsites= 1076 E= 1.0e-097
 0.164165 0.533215 0.195418 0.107201
 0.369646 0.202670 0.081131 0.346553
 0.000009 0.000012 0.998752 0.001227
 0.000009 0.000012 0.999969 0.000009
 0.000009 0.999969 0.000012 0.000009
 0.000009 0.999969 0.000012 0.000009
 0.001227 0.995099 0.003665 0.000009
 0.999966 0.000012 0.000012 0.000009
 0.000009 0.000012 0.997992 0.001987
 0.180212 0.248730 0.405583 0.165475
 0.260762 0.299122 0.244463 0.195653
 0.174791 0.367342 0.264648 0.193220
 0.236437 0.273361 0.302600 0.187601
 0.255574 0.215841 0.212124 0.316461
 0.113683 0.344106 0.337803 0.204408

MOTIF 3-GATSNNVNBSRTGCC STREME-3
letter-probability matrix: alength= 4 w= 15 nsites= 900 E= 1.0e-083
 0.000010 0.000013 0.999967 0.000010
 0.999964 0.000013 0.000013 0.000010
 0.000010 0.000013 0.000013 0.999964
 0.183987 0.271004 0.387257 0.157752
 0.281652 0.239956 0.252284 0.226108
 0.175861 0.335887 0.244610 0.243642
 0.185271 0.305979 0.351202 0.157548
 0.222757 0.247297 0.290086 0.239861
 0.161865 0.375561 0.253856 0.208718
 0.197601 0.270310 0.421773 0.110316
 0.556179 0.000013 0.443798 0.000010
 0.000010 0.000013 0.000013 0.999964
 0.257657 0.000013 0.558550 0.183780
 0.000010 0.999967 0.000013 0.000010
 0.000010 0.999967 0.000013 0.000010

MOTIF 4-NCGVCGACGTCGBCGN STREME-4
letter-probability matrix: alength= 4 w= 16 nsites= 553 E= 3.0e-075
 0.202140 0.304076 0.210163 0.283621
 0.106469 0.479446 0.218888 0.195197
 0.222653 0.109400 0.640562 0.027385
 0.300425 0.344175 0.222446 0.132954
 0.057571 0.738561 0.203852 0.000016
 0.256375 0.054942 0.688668 0.000016
 0.999944 0.000020 0.000020 0.000016
 0.000016 0.999948 0.000020 0.000016
 0.000016 0.000020 0.999948 0.000016
 0.000016 0.000020 0.000020 0.999944
 0.000016 0.688668 0.054942 0.256375
 0.000016 0.203852 0.738561 0.057571
 0.132954 0.222446 0.344175 0.300425
 0.027385 0.640562 0.109400 0.222653
 0.195197 0.218888 0.479446 0.106469
 0.283621 0.210163 0.304076 0.202140

MOTIF 5-AGAWYVNSVRTAA STREME-5
letter-probability matrix: alength= 4 w= 13 nsites= 411 E= 9.0e-036
 0.999921 0.000029 0.000029 0.000022
 0.000022 0.000029 0.999928 0.000022
 0.999921 0.000029 0.000029 0.000022
 0.391725 0.168347 0.159871 0.280057
 0.186197 0.383938 0.170639 0.259226
 0.258346 0.271752 0.328070 0.141831
 0.216958 0.298786 0.194250 0.290006
 0.124838 0.425063 0.290467 0.159632
 0.268603 0.238156 0.395331 0.097909
 0.422774 0.000029 0.577175 0.000022
 0.000022 0.000029 0.000029 0.999921
 0.999921 0.000029 0.000029 0.000022
 0.999921 0.000029 0.000029 0.000022

MOTIF 6-NNNSNGGATCCNSNNN STREME-6
letter-probability matrix: alength= 4 w= 16 nsites= 355 E= 2.5e-031
 0.251714 0.316154 0.251879 0.180253
 0.237909 0.355157 0.184209 0.222725
 0.215861 0.286450 0.250338 0.247351
 0.158696 0.436658 0.252888 0.151758
 0.193950 0.313457 0.226645 0.265948
 0.000025 0.000033 0.999917 0.000025
 0.000025 0.000033 0.999917 0.000025
 0.999910 0.000033 0.000033 0.000025
 0.000025 0.000033 0.000033 0.999910
 0.000025 0.999917 0.000033 0.000025
 0.000025 0.999917 0.000033 0.000025
 0.265948 0.226645 0.313457 0.193950
 0.151758 0.252888 0.436658 0.158696
 0.247351 0.250338 0.286450 0.215861
 0.222725 0.184209 0.355157 0.237909
 0.180253 0.251879 0.316154 0.251714

MOTIF 7-CAACGTCC STREME-7
letter-probability matrix: alength= 4 w= 8 nsites= 14 E= 1.9e-003
 0.019645 0.934900 0.025809 0.019645
 0.928736 0.025809 0.025809 0.019645
 0.928736 0.025809 0.025809 0.019645
 0.019645 0.934900 0.025809 0.019645
 0.019645 0.025809 0.934900 0.019645
 0.019645 0.025809 0.025809 0.928736
 0.019645 0.934900 0.025809 0.019645
 0.019645 0.934900 0.025809 0.019645

MOTIF 8-ACTCGCAGTGTC STREME-8
letter-probability matrix: alength= 4 w= 12 nsites= 12 E= 2.8e-003
 0.996636 0.001218 0.001218 0.000927
 0.000927 0.996927 0.001218 0.000927
 0.000927 0.001218 0.001218 0.996636
 0.000927 0.996927 0.001218 0.000927
 0.000927 0.001218 0.996927 0.000927
 0.000927 0.996927 0.001218 0.000927
 0.996636 0.001218 0.001218 0.000927
 0.000927 0.001218 0.996927 0.000927
 0.000927 0.001218 0.001218 0.996636
 0.000927 0.001218 0.876097 0.121757
 0.000927 0.001218 0.001218 0.996636
 0.121757 0.876097 0.001218 0.000927

MOTIF 9-CGACGTCC STREME-9
letter-probability matrix: alength= 4 w= 8 nsites= 45 E= 1.2e-002
 0.018903 0.737582 0.243074 0.000441
 0.000441 0.300136 0.698982 0.000441
 0.998402 0.000579 0.000579 0.000441
 0.000441 0.998540 0.000579 0.000441
 0.000441 0.002767 0.996352 0.000441
 0.000441 0.000579 0.000579 0.998402
 0.002362 0.996619 0.000579 0.000441
 0.000441 0.796117 0.158806 0.044636

MOTIF 10-CACCGATCTCAKCCA STREME-10
letter-probability matrix: alength= 4 w= 15 nsites= 11 E= 4.6e-002
 0.000850 0.886513 0.001116 0.111522
 0.775574 0.111788 0.111788 0.000850
 0.000850 0.997185 0.001116 0.000850
 0.000850 0.997185 0.001116 0.000850
 0.000850 0.001116 0.997185 0.000850
 0.775574 0.111788 0.111788 0.000850
 0.000850 0.001116 0.001116 0.996918
 0.111522 0.886513 0.001116 0.000850
 0.000850 0.001116 0.111788 0.886246
 0.000850 0.775841 0.001116 0.222194
 0.886246 0.001116 0.111788 0.000850
 0.000850 0.001116 0.333152 0.664883
 0.000850 0.997185 0.001116 0.000850
 0.111522 0.886513 0.001116 0.000850
 0.886246 0.001116 0.001116 0.111522

MOTIF 11-GATGGACCAAGTWC STREME-11
letter-probability matrix: alength= 4 w= 14 nsites= 11 E= 7.8e-001
 0.000765 0.001005 0.997466 0.000765
 0.997226 0.001005 0.001005 0.000765
 0.000765 0.001005 0.001005 0.997226
 0.200050 0.001005 0.798180 0.000765
 0.000765 0.001005 0.997466 0.000765
 0.997226 0.001005 0.001005 0.000765
 0.000765 0.897823 0.100647 0.000765
 0.000765 0.698538 0.200290 0.100407
 0.797940 0.001005 0.200290 0.000765
 0.797940 0.100647 0.001005 0.100407
 0.000765 0.001005 0.997466 0.000765
 0.000765 0.001005 0.001005 0.997226
 0.399353 0.001005 0.100647 0.498995
 0.000765 0.997466 0.001005 0.000765

MOTIF 12-AAAGTGGTCCGTC STREME-12
letter-probability matrix: alength= 4 w= 13 nsites= 12 E= 7.8e-001
 0.997329 0.000967 0.000967 0.000736
 0.997329 0.000967 0.000967 0.000736
 0.997329 0.000967 0.000967 0.000736
 0.156545 0.000967 0.841751 0.000736
 0.000736 0.000967 0.000967 0.997329
 0.000736 0.000967 0.997560 0.000736
 0.074079 0.000967 0.672485 0.252469
 0.000736 0.000967 0.000967 0.997329
 0.000736 0.709772 0.288756 0.000736
 0.096660 0.901636 0.000967 0.000736
 0.000736 0.000967 0.997560 0.000736
 0.000736 0.000967 0.000967 0.997329
 0.000736 0.997560 0.000967 0.000736

MOTIF 13-ACTRTATCRGTC STREME-13
letter-probability matrix: alength= 4 w= 12 nsites= 9 E= 7.8e-001
 0.997159 0.001029 0.001029 0.000783
 0.000783 0.997405 0.001029 0.000783
 0.102820 0.001029 0.001029 0.895122
 0.306911 0.001029 0.613261 0.078800
 0.000783 0.001029 0.001029 0.997159
 0.691043 0.103066 0.205108 0.000783
 0.000783 0.001029 0.001029 0.997159
 0.000783 0.997405 0.001029 0.000783
 0.510990 0.001029 0.487198 0.000783
 0.078800 0.001029 0.919388 0.000783
 0.000783 0.001029 0.001029 0.997159
 0.000783 0.793325 0.001029 0.204862

********************************************************************************
Stopped because 3 consecutive motifs exceeded the p-value threshold (0.05).
********************************************************************************
COMMAND:	streme --dna --p data/STREME_Inputs/SQK-NBD114-24_barcode16_4_gene_pos.fasta --n data/STREME_Inputs/SQK-NBD114-24_barcode16_4_control.fasta --oc data/STREME_Outputs/SQK-NBD114-24_barcode16_4_gene
********************************************************************************
CPU:		node131
********************************************************************************
FINALTIME:	423.13 seconds
********************************************************************************
