********************************************************************************
STREME - Sensitive, Thorough, Rapid, Enriched Motif Elicitation
********************************************************************************
MEME version 5.5.8 (Release date: Thu May 15 15:01:46 2025 -0700)

For further information on how to interpret these results please access https://meme-suite.org/meme.
To get a copy of the MEME Suite software please access https://meme-suite.org.

********************************************************************************


********************************************************************************
REFERENCE
********************************************************************************
If you use this program in your research, please cite:

Timothy L. Bailey,
"STREME: accurate and versatile sequence motif discovery",
Bioinformatics, Mar. 24, 2021.
********************************************************************************


ALPHABET= ACGT

strands: + -

Background letter frequencies
A 0.195 C 0.305 G 0.305 T 0.195 

MOTIF 1-VNBSGAWTCSVNB STREME-1
letter-probability matrix: alength= 4 w= 13 nsites= 1926 E= 2.2e-246
 0.190361 0.291768 0.354171 0.163699
 0.231604 0.323792 0.274348 0.170256
 0.160003 0.363004 0.263688 0.213305
 0.122615 0.369288 0.404149 0.103948
 0.000003 0.000005 0.999988 0.000003
 0.999987 0.000005 0.000005 0.000003
 0.392398 0.107602 0.107602 0.392398
 0.000003 0.000005 0.000005 0.999987
 0.000003 0.999988 0.000005 0.000003
 0.103948 0.404149 0.369288 0.122615
 0.213305 0.263688 0.363004 0.160003
 0.170256 0.274348 0.323792 0.231604
 0.163699 0.354171 0.291768 0.190361

MOTIF 2-TCCABNNSSNCTTCV STREME-2
letter-probability matrix: alength= 4 w= 15 nsites= 382 E= 4.6e-050
 0.000016 0.000025 0.000025 0.999933
 0.000016 0.999942 0.000025 0.000016
 0.000016 0.999942 0.000025 0.000016
 0.999933 0.000025 0.000025 0.000016
 0.035868 0.302604 0.428524 0.233004
 0.192102 0.335346 0.254602 0.217949
 0.321859 0.271905 0.202686 0.203551
 0.119593 0.454140 0.269784 0.156484
 0.111619 0.248250 0.455565 0.184566
 0.163440 0.294156 0.260044 0.282360
 0.000016 0.999942 0.000025 0.000016
 0.000016 0.000025 0.000025 0.999933
 0.000016 0.000025 0.000025 0.999933
 0.000016 0.679391 0.189964 0.130629
 0.218728 0.227631 0.397469 0.156172

MOTIF 3-GAAGVSSHSVBCTC STREME-3
letter-probability matrix: alength= 4 w= 14 nsites= 171 E= 4.7e-019
 0.000037 0.000058 0.999868 0.000037
 0.800603 0.000058 0.199303 0.000037
 0.999847 0.000058 0.000058 0.000037
 0.000037 0.000058 0.999868 0.000037
 0.250489 0.351417 0.223492 0.174602
 0.114848 0.449994 0.256975 0.178183
 0.196727 0.233044 0.442011 0.128218
 0.283406 0.400080 0.000058 0.316456
 0.173530 0.372069 0.343960 0.110441
 0.263891 0.202110 0.386964 0.147034
 0.076486 0.248511 0.381531 0.293472
 0.000037 0.999868 0.000058 0.000037
 0.000037 0.000058 0.000058 0.999847
 0.000037 0.800623 0.000058 0.199282

MOTIF 4-AAGCBSGCGGCTC STREME-4
letter-probability matrix: alength= 4 w= 13 nsites= 19 E= 2.0e-001
 0.998749 0.000474 0.000474 0.000303
 0.998749 0.000474 0.000474 0.000303
 0.000303 0.000474 0.998920 0.000303
 0.000303 0.730771 0.268622 0.000303
 0.103711 0.228438 0.228432 0.439420
 0.000303 0.456389 0.429026 0.114282
 0.000303 0.000474 0.998920 0.000303
 0.114282 0.667555 0.000474 0.217689
 0.000303 0.285421 0.713973 0.000303
 0.000303 0.171442 0.770962 0.057292
 0.000303 0.998920 0.000474 0.000303
 0.000303 0.000474 0.000474 0.998749
 0.000303 0.998920 0.000474 0.000303

MOTIF 5-GAAGTGAGC STREME-5
letter-probability matrix: alength= 4 w= 9 nsites= 3 E= 2.0e-001
 0.017727 0.027727 0.936818 0.017727
 0.926818 0.027727 0.027727 0.017727
 0.926818 0.027727 0.027727 0.017727
 0.017727 0.027727 0.936818 0.017727
 0.017727 0.027727 0.027727 0.926818
 0.017727 0.027727 0.936818 0.017727
 0.926818 0.027727 0.027727 0.017727
 0.017727 0.027727 0.936818 0.017727
 0.017727 0.936818 0.027727 0.017727

MOTIF 6-AAGCGAGYTBCTC STREME-6
letter-probability matrix: alength= 4 w= 13 nsites= 5 E= 4.0e-001
 0.994550 0.002065 0.002065 0.001320
 0.994550 0.002065 0.002065 0.001320
 0.001320 0.002065 0.995294 0.001320
 0.249628 0.746987 0.002065 0.001320
 0.001320 0.250372 0.746987 0.001320
 0.994550 0.002065 0.002065 0.001320
 0.001320 0.002065 0.995294 0.001320
 0.001320 0.498680 0.002065 0.497935
 0.001320 0.002065 0.002065 0.994550
 0.001320 0.250372 0.250372 0.497935
 0.001320 0.995294 0.002065 0.001320
 0.001320 0.002065 0.002065 0.994550
 0.001320 0.995294 0.002065 0.001320

MOTIF 7-AAGACCGRCACTC STREME-7
letter-probability matrix: alength= 4 w= 13 nsites= 7 E= 8.0e+000
 0.996592 0.001291 0.001291 0.000826
 0.996592 0.001291 0.001291 0.000826
 0.000826 0.001291 0.997057 0.000826
 0.841311 0.156572 0.001291 0.000826
 0.000826 0.997057 0.001291 0.000826
 0.000826 0.887206 0.111142 0.000826
 0.000826 0.001291 0.997057 0.000826
 0.420897 0.156572 0.311854 0.110677
 0.156107 0.841776 0.001291 0.000826
 0.686029 0.156572 0.156572 0.000826
 0.000826 0.997057 0.001291 0.000826
 0.000826 0.001291 0.001291 0.996592
 0.000826 0.997057 0.001291 0.000826

MOTIF 8-AGCCGGCCGGCGGC STREME-8
letter-probability matrix: alength= 4 w= 14 nsites= 6 E= 8.0e+000
 0.832431 0.001666 0.164838 0.001065
 0.164237 0.001666 0.833031 0.001065
 0.001065 0.996204 0.001666 0.001065
 0.001065 0.996204 0.001666 0.001065
 0.001065 0.001666 0.996204 0.001065
 0.001065 0.001666 0.833031 0.164237
 0.001065 0.996204 0.001666 0.001065
 0.001065 0.996204 0.001666 0.001065
 0.001065 0.001666 0.795870 0.201399
 0.001065 0.001666 0.996204 0.001065
 0.001065 0.996204 0.001666 0.001065
 0.164237 0.164838 0.669859 0.001065
 0.001065 0.201999 0.632698 0.164237
 0.001065 0.996204 0.001666 0.001065

********************************************************************************
Stopped because 3 consecutive motifs exceeded the p-value threshold (0.05).
********************************************************************************
COMMAND:	streme --dna --p data/STREME_Inputs/SQK-NBD114-24_barcode11_1_gene_pos.fasta --n data/STREME_Inputs/SQK-NBD114-24_barcode11_1_control.fasta --oc data/STREME_Outputs/SQK-NBD114-24_barcode11_1_gene
********************************************************************************
CPU:		node116
********************************************************************************
FINALTIME:	250.07 seconds
********************************************************************************
