********************************************************************************
STREME - Sensitive, Thorough, Rapid, Enriched Motif Elicitation
********************************************************************************
MEME version 5.5.8 (Release date: Thu May 15 15:01:46 2025 -0700)

For further information on how to interpret these results please access https://meme-suite.org/meme.
To get a copy of the MEME Suite software please access https://meme-suite.org.

********************************************************************************


********************************************************************************
REFERENCE
********************************************************************************
If you use this program in your research, please cite:

Timothy L. Bailey,
"STREME: accurate and versatile sequence motif discovery",
Bioinformatics, Mar. 24, 2021.
********************************************************************************


ALPHABET= ACGT

strands: + -

Background letter frequencies
A 0.217 C 0.283 G 0.283 T 0.217 

MOTIF 1-NGTGGACVNNNWNN STREME-1
letter-probability matrix: alength= 4 w= 14 nsites= 112 E= 7.5e-006
 0.226329 0.195512 0.354047 0.224112
 0.000040 0.000052 0.999868 0.000040
 0.000040 0.000052 0.000052 0.999856
 0.000040 0.000052 0.999868 0.000040
 0.000040 0.000052 0.990199 0.009710
 0.999856 0.000052 0.000052 0.000040
 0.000040 0.999868 0.000052 0.000040
 0.333455 0.237254 0.327953 0.101337
 0.264992 0.210287 0.294745 0.229976
 0.166090 0.256613 0.294745 0.282552
 0.292749 0.253547 0.200586 0.253118
 0.232511 0.185103 0.190916 0.391470
 0.228316 0.227080 0.251528 0.293076
 0.218646 0.283096 0.271214 0.227044

MOTIF 2-VHSRACGTYSDB STREME-2
letter-probability matrix: alength= 4 w= 12 nsites= 38 E= 1.5e-005
 0.288288 0.313475 0.398116 0.000122
 0.276544 0.276267 0.142143 0.305046
 0.000122 0.499872 0.499884 0.000122
 0.356726 0.000159 0.642993 0.000122
 0.999560 0.000159 0.000159 0.000122
 0.000122 0.999597 0.000159 0.000122
 0.000122 0.000159 0.999597 0.000122
 0.000122 0.000159 0.000159 0.999560
 0.000122 0.642993 0.000159 0.356726
 0.000122 0.499884 0.499872 0.000122
 0.305046 0.142143 0.276267 0.276544
 0.000122 0.398116 0.313475 0.288288

MOTIF 3-HTTAYDKDHWVTCT STREME-3
letter-probability matrix: alength= 4 w= 14 nsites= 27 E= 3.8e-005
 0.370745 0.398026 0.000221 0.231008
 0.000169 0.000221 0.000221 0.999388
 0.000169 0.000221 0.000221 0.999388
 0.999388 0.000221 0.000221 0.000169
 0.000169 0.390365 0.000221 0.609244
 0.277592 0.000221 0.283041 0.439146
 0.118304 0.192136 0.447726 0.241834
 0.439163 0.000221 0.324212 0.236404
 0.206043 0.401175 0.156378 0.236404
 0.310219 0.206111 0.000221 0.483449
 0.236421 0.370796 0.315667 0.077116
 0.000169 0.000221 0.000221 0.999388
 0.000169 0.999440 0.000221 0.000169
 0.000169 0.000221 0.000221 0.999388

MOTIF 4-CATGGATCC STREME-4
letter-probability matrix: alength= 4 w= 9 nsites= 6 E= 2.3e-004
 0.019718 0.934827 0.025736 0.019718
 0.928809 0.025736 0.025736 0.019718
 0.019718 0.025736 0.025736 0.928809
 0.019718 0.025736 0.934827 0.019718
 0.019718 0.025736 0.934827 0.019718
 0.928809 0.025736 0.025736 0.019718
 0.019718 0.025736 0.025736 0.928809
 0.019718 0.934827 0.025736 0.019718
 0.019718 0.934827 0.025736 0.019718

MOTIF 5-GGCCCAGBNHBS STREME-5
letter-probability matrix: alength= 4 w= 12 nsites= 52 E= 5.9e-003
 0.000088 0.000115 0.938339 0.061458
 0.000088 0.000115 0.999709 0.000088
 0.000088 0.999709 0.000115 0.000088
 0.000088 0.999709 0.000115 0.000088
 0.000088 0.999709 0.000115 0.000088
 0.999682 0.000115 0.000115 0.000088
 0.000088 0.000115 0.999709 0.000088
 0.104241 0.301357 0.367422 0.226981
 0.238324 0.307677 0.224214 0.229784
 0.238324 0.272138 0.161199 0.328338
 0.178601 0.242791 0.357227 0.221382
 0.179758 0.360507 0.302536 0.157199

MOTIF 6-DKCHGGATCCDGMH STREME-6
letter-probability matrix: alength= 4 w= 14 nsites= 40 E= 1.5e-002
 0.399334 0.079876 0.299111 0.221678
 0.132399 0.118866 0.353263 0.395472
 0.213915 0.456312 0.171411 0.158362
 0.247247 0.392241 0.013730 0.346782
 0.000112 0.013730 0.974242 0.011916
 0.000112 0.000146 0.999630 0.000112
 0.999596 0.000146 0.000146 0.000112
 0.000112 0.000146 0.000146 0.999596
 0.000112 0.999630 0.000146 0.000112
 0.011916 0.974242 0.013730 0.000112
 0.346782 0.013730 0.392241 0.247247
 0.158362 0.171411 0.456312 0.213915
 0.395472 0.353263 0.118866 0.132399
 0.221678 0.299111 0.079876 0.399334

MOTIF 7-ACAACGTCSST STREME-7
letter-probability matrix: alength= 4 w= 11 nsites= 6 E= 9.0e+000
 0.831412 0.000893 0.167011 0.000684
 0.000684 0.997740 0.000893 0.000684
 0.997531 0.000893 0.000893 0.000684
 0.831412 0.000893 0.000893 0.166803
 0.000684 0.997740 0.000893 0.000684
 0.000684 0.000893 0.997740 0.000684
 0.000684 0.000893 0.000893 0.997531
 0.000684 0.997740 0.000893 0.000684
 0.000684 0.665435 0.333197 0.000684
 0.000684 0.499316 0.499316 0.000684
 0.000684 0.000893 0.000893 0.997531

MOTIF 8-GATCGAAGRCRTG STREME-8
letter-probability matrix: alength= 4 w= 13 nsites= 5 E= 9.0e+000
 0.000842 0.001099 0.997217 0.000842
 0.996960 0.001099 0.001099 0.000842
 0.000842 0.001099 0.001099 0.996960
 0.000842 0.997217 0.001099 0.000842
 0.000842 0.001099 0.997217 0.000842
 0.996960 0.001099 0.001099 0.000842
 0.819219 0.001099 0.178840 0.000842
 0.000842 0.178840 0.819476 0.000842
 0.410030 0.001099 0.588028 0.000842
 0.000842 0.997217 0.001099 0.000842
 0.410030 0.001099 0.588028 0.000842
 0.000842 0.001099 0.001099 0.996960
 0.000842 0.001099 0.997217 0.000842

MOTIF 9-AACAATGATCGHCC STREME-9
letter-probability matrix: alength= 4 w= 14 nsites= 4 E= 9.0e+000
 0.996302 0.001337 0.001337 0.001024
 0.747508 0.001337 0.001337 0.249818
 0.001024 0.747820 0.250131 0.001024
 0.996302 0.001337 0.001337 0.001024
 0.996302 0.001337 0.001337 0.001024
 0.001024 0.001337 0.001337 0.996302
 0.001024 0.001337 0.996615 0.001024
 0.996302 0.001337 0.001337 0.001024
 0.001024 0.001337 0.001337 0.996302
 0.249818 0.747820 0.001337 0.001024
 0.249818 0.001337 0.747820 0.001024
 0.249818 0.250131 0.001337 0.498714
 0.001024 0.996615 0.001337 0.001024
 0.001024 0.996615 0.001337 0.001024

********************************************************************************
Stopped because 3 consecutive motifs exceeded the p-value threshold (0.05).
********************************************************************************
COMMAND:	streme --dna --p data/STREME_Inputs/SQK-NBD114-24_barcode17_4_intergenic_pos.fasta --n data/STREME_Inputs/SQK-NBD114-24_barcode17_4_control.fasta --oc data/STREME_Outputs/SQK-NBD114-24_barcode17_4_intergenic
********************************************************************************
CPU:		node116
********************************************************************************
FINALTIME:	245.97 seconds
********************************************************************************
