********************************************************************************
STREME - Sensitive, Thorough, Rapid, Enriched Motif Elicitation
********************************************************************************
MEME version 5.5.8 (Release date: Thu May 15 15:01:46 2025 -0700)

For further information on how to interpret these results please access https://meme-suite.org/meme.
To get a copy of the MEME Suite software please access https://meme-suite.org.

********************************************************************************


********************************************************************************
REFERENCE
********************************************************************************
If you use this program in your research, please cite:

Timothy L. Bailey,
"STREME: accurate and versatile sequence motif discovery",
Bioinformatics, Mar. 24, 2021.
********************************************************************************


ALPHABET= ACGT

strands: + -

Background letter frequencies
A 0.276 C 0.224 G 0.224 T 0.276 

MOTIF 1-NNNNNGATCNNNNN STREME-1
letter-probability matrix: alength= 4 w= 14 nsites= 12895 E= 4.7e-857
 0.298290 0.196855 0.252532 0.252323
 0.268687 0.219363 0.202605 0.309346
 0.249143 0.244208 0.267968 0.238681
 0.312010 0.190408 0.244440 0.253142
 0.227550 0.218904 0.186817 0.366728
 0.000002 0.000001 0.999996 0.000002
 0.999996 0.000001 0.000001 0.000002
 0.000002 0.000001 0.000001 0.999996
 0.000002 0.999996 0.000001 0.000002
 0.366728 0.186817 0.218904 0.227550
 0.253142 0.244440 0.190408 0.312010
 0.238681 0.267968 0.244208 0.249143
 0.309346 0.202605 0.219363 0.268687
 0.252323 0.252532 0.196855 0.298290

MOTIF 2-NNNNNCCWGGNNNNN STREME-2
letter-probability matrix: alength= 4 w= 15 nsites= 6442 E= 4.1e-393
 0.243107 0.260464 0.204977 0.291453
 0.276400 0.204802 0.198462 0.320336
 0.293187 0.207439 0.218422 0.280951
 0.287180 0.234653 0.198447 0.279720
 0.310360 0.174684 0.336067 0.178889
 0.000003 0.999991 0.000002 0.000003
 0.000003 0.999991 0.000002 0.000003
 0.499998 0.000002 0.000002 0.499998
 0.000003 0.000002 0.999991 0.000003
 0.000003 0.000002 0.999991 0.000003
 0.178889 0.336067 0.174684 0.310360
 0.279720 0.198447 0.234653 0.287180
 0.280951 0.218422 0.207439 0.293187
 0.320336 0.198462 0.204802 0.276400
 0.291453 0.204977 0.260464 0.243107

MOTIF 3-ATCDNYWWYGTC STREME-3
letter-probability matrix: alength= 4 w= 12 nsites= 2199 E= 5.5e-122
 0.997718 0.000760 0.000760 0.000762
 0.000012 0.000010 0.000010 0.999967
 0.000012 0.999215 0.000010 0.000762
 0.276873 0.104939 0.373007 0.245181
 0.308930 0.214042 0.201407 0.275621
 0.158773 0.400106 0.127561 0.313560
 0.413876 0.155596 0.204278 0.226250
 0.372597 0.158763 0.141436 0.327205
 0.187620 0.390407 0.122208 0.299766
 0.001767 0.003072 0.995148 0.000012
 0.000762 0.000760 0.000010 0.998468
 0.000012 0.999965 0.000010 0.000012

MOTIF 4-CYAAYDNBKCTTBDD STREME-4
letter-probability matrix: alength= 4 w= 15 nsites= 1333 E= 9.0e-073
 0.000016 0.999954 0.000013 0.000016
 0.000016 0.459711 0.000013 0.540259
 0.999957 0.000013 0.000013 0.000016
 0.999957 0.000013 0.000013 0.000016
 0.000016 0.536793 0.000013 0.463178
 0.376089 0.127518 0.237662 0.258731
 0.196923 0.298775 0.277800 0.226503
 0.151821 0.293492 0.201235 0.353452
 0.181010 0.155422 0.388994 0.274574
 0.000016 0.999954 0.000013 0.000016
 0.000016 0.000013 0.000013 0.999957
 0.000016 0.000013 0.000013 0.999957
 0.107646 0.309558 0.216037 0.366758
 0.337762 0.168477 0.212105 0.281656
 0.298138 0.151584 0.231650 0.318628

MOTIF 5-HCTCGAGHWNDYNHD STREME-5
letter-probability matrix: alength= 4 w= 15 nsites= 342 E= 9.7e-016
 0.314804 0.238668 0.152573 0.293955
 0.000059 0.999834 0.000048 0.000059
 0.000059 0.000048 0.000048 0.999845
 0.000059 0.999834 0.000048 0.000059
 0.000059 0.000048 0.999834 0.000059
 0.999845 0.000048 0.000048 0.000059
 0.000059 0.000048 0.999834 0.000059
 0.230151 0.371837 0.127343 0.270670
 0.484377 0.206975 0.017905 0.290744
 0.295340 0.226221 0.199352 0.279086
 0.235669 0.118366 0.260177 0.385788
 0.147973 0.260657 0.171935 0.419435
 0.275519 0.256853 0.275175 0.192453
 0.339241 0.250504 0.099797 0.310457
 0.388319 0.155352 0.206375 0.249954

MOTIF 6-ATCTCTCCGAC STREME-6
letter-probability matrix: alength= 4 w= 11 nsites= 8 E= 3.6e-001
 0.934209 0.020336 0.020336 0.025118
 0.025118 0.020336 0.020336 0.934209
 0.025118 0.929427 0.020336 0.025118
 0.025118 0.020336 0.020336 0.934209
 0.025118 0.929427 0.020336 0.025118
 0.025118 0.020336 0.020336 0.934209
 0.025118 0.929427 0.020336 0.025118
 0.025118 0.929427 0.020336 0.025118
 0.025118 0.020336 0.929427 0.025118
 0.934209 0.020336 0.020336 0.025118
 0.025118 0.929427 0.020336 0.025118

MOTIF 7-AAAAAAGTACTT STREME-7
letter-probability matrix: alength= 4 w= 12 nsites= 6 E= 3.6e-001
 0.934209 0.020336 0.020336 0.025118
 0.934209 0.020336 0.020336 0.025118
 0.934209 0.020336 0.020336 0.025118
 0.934209 0.020336 0.020336 0.025118
 0.934209 0.020336 0.020336 0.025118
 0.934209 0.020336 0.020336 0.025118
 0.025118 0.020336 0.929427 0.025118
 0.025118 0.020336 0.020336 0.934209
 0.934209 0.020336 0.020336 0.025118
 0.025118 0.929427 0.020336 0.025118
 0.025118 0.020336 0.020336 0.934209
 0.025118 0.020336 0.020336 0.934209

MOTIF 8-ACACCACGGAC STREME-8
letter-probability matrix: alength= 4 w= 11 nsites= 10 E= 1.9e+000
 0.934209 0.020336 0.020336 0.025118
 0.025118 0.929427 0.020336 0.025118
 0.934209 0.020336 0.020336 0.025118
 0.025118 0.929427 0.020336 0.025118
 0.025118 0.929427 0.020336 0.025118
 0.934209 0.020336 0.020336 0.025118
 0.025118 0.929427 0.020336 0.025118
 0.025118 0.020336 0.929427 0.025118
 0.025118 0.020336 0.929427 0.025118
 0.934209 0.020336 0.020336 0.025118
 0.025118 0.929427 0.020336 0.025118

MOTIF 9-GAGCCACCTCA STREME-9
letter-probability matrix: alength= 4 w= 11 nsites= 9 E= 1.9e+000
 0.025118 0.020336 0.929427 0.025118
 0.934209 0.020336 0.020336 0.025118
 0.025118 0.020336 0.929427 0.025118
 0.025118 0.929427 0.020336 0.025118
 0.025118 0.929427 0.020336 0.025118
 0.934209 0.020336 0.020336 0.025118
 0.025118 0.929427 0.020336 0.025118
 0.025118 0.929427 0.020336 0.025118
 0.025118 0.020336 0.020336 0.934209
 0.025118 0.929427 0.020336 0.025118
 0.934209 0.020336 0.020336 0.025118

MOTIF 10-AGGACTACC STREME-10
letter-probability matrix: alength= 4 w= 9 nsites= 10 E= 1.0e+001
 0.934209 0.020336 0.020336 0.025118
 0.025118 0.020336 0.929427 0.025118
 0.025118 0.020336 0.929427 0.025118
 0.934209 0.020336 0.020336 0.025118
 0.025118 0.929427 0.020336 0.025118
 0.025118 0.020336 0.020336 0.934209
 0.934209 0.020336 0.020336 0.025118
 0.025118 0.929427 0.020336 0.025118
 0.025118 0.929427 0.020336 0.025118

********************************************************************************
Stopped because 3 consecutive motifs exceeded the p-value threshold (0.05).
********************************************************************************
COMMAND:	streme --dna --p data/STREME_Inputs/SQK-NBD114-24_barcode17_3_gene_pos.fasta --n data/STREME_Inputs/SQK-NBD114-24_barcode17_3_control.fasta --oc data/STREME_Outputs/SQK-NBD114-24_barcode17_3_gene
********************************************************************************
CPU:		node149
********************************************************************************
FINALTIME:	562.98 seconds
********************************************************************************
