********************************************************************************
STREME - Sensitive, Thorough, Rapid, Enriched Motif Elicitation
********************************************************************************
MEME version 5.5.8 (Release date: Thu May 15 15:01:46 2025 -0700)

For further information on how to interpret these results please access https://meme-suite.org/meme.
To get a copy of the MEME Suite software please access https://meme-suite.org.

********************************************************************************


********************************************************************************
REFERENCE
********************************************************************************
If you use this program in your research, please cite:

Timothy L. Bailey,
"STREME: accurate and versatile sequence motif discovery",
Bioinformatics, Mar. 24, 2021.
********************************************************************************


ALPHABET= ACGT

strands: + -

Background letter frequencies
A 0.195 C 0.305 G 0.305 T 0.195 

MOTIF 1-NVNBSGAWTCSVNBN STREME-1
letter-probability matrix: alength= 4 w= 15 nsites= 3433 E= 7.3e-394
 0.167975 0.329697 0.295350 0.206978
 0.233760 0.238837 0.369644 0.157759
 0.233119 0.324230 0.263297 0.179354
 0.152793 0.363823 0.271486 0.211898
 0.126528 0.369005 0.401297 0.103169
 0.000002 0.000003 0.999992 0.000002
 0.999991 0.000003 0.000003 0.000002
 0.386975 0.113025 0.113025 0.386975
 0.000002 0.000003 0.000003 0.999991
 0.000002 0.999992 0.000003 0.000002
 0.103169 0.401297 0.369005 0.126528
 0.211898 0.271486 0.363823 0.152793
 0.179354 0.263297 0.324230 0.233119
 0.157759 0.369644 0.238837 0.233760
 0.206978 0.295350 0.329697 0.167975

MOTIF 2-TCCABVNSSBCTTCV STREME-2
letter-probability matrix: alength= 4 w= 15 nsites= 714 E= 3.0e-094
 0.000010 0.000016 0.000016 0.999958
 0.000010 0.999963 0.000016 0.000010
 0.000010 0.999963 0.000016 0.000010
 0.999958 0.000016 0.000016 0.000010
 0.067352 0.246214 0.449358 0.237076
 0.206161 0.369736 0.242883 0.181220
 0.267919 0.294437 0.238490 0.199154
 0.148829 0.397526 0.289784 0.163861
 0.130306 0.276361 0.436879 0.156453
 0.133351 0.337904 0.284552 0.244192
 0.000010 0.999963 0.000016 0.000010
 0.000010 0.000016 0.000016 0.999958
 0.000010 0.000016 0.000016 0.999958
 0.014072 0.610642 0.236859 0.138426
 0.195234 0.269677 0.366900 0.168189

MOTIF 3-AAGVCVNSVBCTC STREME-3
letter-probability matrix: alength= 4 w= 13 nsites= 463 E= 1.3e-044
 0.999934 0.000025 0.000025 0.000016
 0.999934 0.000025 0.000025 0.000016
 0.000016 0.000025 0.999943 0.000016
 0.199648 0.390690 0.237739 0.171923
 0.123737 0.470563 0.224431 0.181269
 0.214268 0.269461 0.349161 0.167111
 0.197743 0.259013 0.221027 0.322217
 0.132653 0.406606 0.280896 0.179846
 0.245186 0.256358 0.341031 0.157426
 0.097298 0.291163 0.342800 0.268739
 0.000016 0.999943 0.000025 0.000016
 0.000016 0.000025 0.000025 0.999934
 0.000016 0.999943 0.000025 0.000016

MOTIF 4-GCCGGCCGGAGCST STREME-4
letter-probability matrix: alength= 4 w= 14 nsites= 6 E= 6.0e+000
 0.001086 0.001692 0.996136 0.001086
 0.001086 0.996136 0.001692 0.001086
 0.135790 0.689487 0.173638 0.001086
 0.001086 0.001692 0.996136 0.001086
 0.001086 0.001692 0.996136 0.001086
 0.001086 0.996136 0.001692 0.001086
 0.001086 0.996136 0.001692 0.001086
 0.001086 0.001692 0.996136 0.001086
 0.001086 0.001692 0.996136 0.001086
 0.823584 0.173638 0.001692 0.001086
 0.173031 0.001692 0.824191 0.001086
 0.001086 0.824191 0.001692 0.173031
 0.001086 0.652245 0.345583 0.001086
 0.001086 0.001692 0.308342 0.688880

MOTIF 5-CAGGCCGGCACGHTC STREME-5
letter-probability matrix: alength= 4 w= 15 nsites= 4 E= 6.0e+000
 0.001566 0.994427 0.002441 0.001566
 0.745555 0.250438 0.002441 0.001566
 0.001566 0.002441 0.994427 0.001566
 0.001566 0.002441 0.994427 0.001566
 0.001566 0.994427 0.002441 0.001566
 0.001566 0.994427 0.002441 0.001566
 0.001566 0.002441 0.994427 0.001566
 0.001566 0.250438 0.746431 0.001566
 0.001566 0.994427 0.002441 0.001566
 0.993552 0.002441 0.002441 0.001566
 0.001566 0.746431 0.002441 0.249562
 0.001566 0.002441 0.994427 0.001566
 0.249562 0.250438 0.002441 0.497559
 0.001566 0.250438 0.002441 0.745555
 0.001566 0.994427 0.002441 0.001566

MOTIF 6-GTCCGGCCTRCAWGG STREME-6
letter-probability matrix: alength= 4 w= 15 nsites= 4 E= 6.0e+000
 0.001655 0.002580 0.788800 0.206966
 0.263728 0.002580 0.002580 0.731113
 0.001655 0.994111 0.002580 0.001655
 0.001655 0.994111 0.002580 0.001655
 0.001655 0.002580 0.994111 0.001655
 0.001655 0.002580 0.994111 0.001655
 0.001655 0.994111 0.002580 0.001655
 0.001655 0.994111 0.002580 0.001655
 0.001655 0.002580 0.264653 0.731113
 0.525801 0.002580 0.469964 0.001655
 0.001655 0.994111 0.002580 0.001655
 0.787875 0.002580 0.002580 0.206966
 0.469039 0.002580 0.002580 0.525801
 0.001655 0.002580 0.994111 0.001655
 0.001655 0.002580 0.994111 0.001655

********************************************************************************
Stopped because 3 consecutive motifs exceeded the p-value threshold (0.05).
********************************************************************************
COMMAND:	streme --dna --p data/STREME_Inputs/SQK-NBD114-24_barcode12_2_gene_pos.fasta --n data/STREME_Inputs/SQK-NBD114-24_barcode12_2_control.fasta --oc data/STREME_Outputs/SQK-NBD114-24_barcode12_2_gene
********************************************************************************
CPU:		node152
********************************************************************************
FINALTIME:	229.42 seconds
********************************************************************************
