********************************************************************************
STREME - Sensitive, Thorough, Rapid, Enriched Motif Elicitation
********************************************************************************
MEME version 5.5.8 (Release date: Thu May 15 15:01:46 2025 -0700)

For further information on how to interpret these results please access https://meme-suite.org/meme.
To get a copy of the MEME Suite software please access https://meme-suite.org.

********************************************************************************


********************************************************************************
REFERENCE
********************************************************************************
If you use this program in your research, please cite:

Timothy L. Bailey,
"STREME: accurate and versatile sequence motif discovery",
Bioinformatics, Mar. 24, 2021.
********************************************************************************


ALPHABET= ACGT

strands: + -

Background letter frequencies
A 0.276 C 0.224 G 0.224 T 0.276 

MOTIF 1-NRHGATCMVNNNNNN STREME-1
letter-probability matrix: alength= 4 w= 15 nsites= 13345 E= 3.0e-868
 0.272082 0.278790 0.261954 0.187174
 0.506424 0.106533 0.260768 0.126276
 0.314022 0.269781 0.098610 0.317586
 0.000001 0.000001 0.999996 0.000001
 0.999996 0.000001 0.000001 0.000001
 0.000001 0.000001 0.000001 0.999996
 0.000001 0.999996 0.000001 0.000001
 0.421219 0.276617 0.164211 0.137953
 0.379026 0.236230 0.272013 0.112731
 0.300987 0.271330 0.207169 0.220515
 0.325958 0.191874 0.224520 0.257649
 0.227380 0.267588 0.196473 0.308559
 0.211168 0.302368 0.264851 0.221613
 0.307531 0.198036 0.234641 0.259792
 0.254212 0.238203 0.170628 0.336957

MOTIF 2-NNNNNCCWGGNNNNN STREME-2
letter-probability matrix: alength= 4 w= 15 nsites= 6641 E= 9.3e-386
 0.239632 0.267739 0.198914 0.293715
 0.280322 0.206107 0.195247 0.318323
 0.293665 0.209449 0.217916 0.278970
 0.286288 0.237851 0.198059 0.277801
 0.312704 0.172767 0.334882 0.179647
 0.000003 0.999992 0.000002 0.000003
 0.000003 0.999992 0.000002 0.000003
 0.499998 0.000002 0.000002 0.499998
 0.000003 0.000002 0.999992 0.000003
 0.000003 0.000002 0.999992 0.000003
 0.179647 0.334882 0.172767 0.312704
 0.277801 0.198059 0.237851 0.286288
 0.278970 0.217916 0.209449 0.293665
 0.318323 0.195247 0.206107 0.280322
 0.293715 0.198914 0.267739 0.239632

MOTIF 3-YATCDANDHHGTC STREME-3
letter-probability matrix: alength= 4 w= 13 nsites= 2262 E= 6.4e-126
 0.185316 0.466575 0.019470 0.328638
 0.998066 0.000009 0.001279 0.000646
 0.000011 0.000009 0.000009 0.999972
 0.000011 0.999970 0.000009 0.000011
 0.342852 0.111984 0.273540 0.271624
 0.415533 0.172456 0.206634 0.205376
 0.179072 0.283207 0.185245 0.352475
 0.371875 0.176859 0.234653 0.216613
 0.325906 0.180991 0.159217 0.333886
 0.194165 0.354668 0.145576 0.305591
 0.000011 0.001050 0.998929 0.000011
 0.000011 0.000009 0.000009 0.999972
 0.000011 0.999970 0.000009 0.000011

MOTIF 4-DCYAAYDNNNCTTBD STREME-4
letter-probability matrix: alength= 4 w= 15 nsites= 1381 E= 4.3e-074
 0.216015 0.150335 0.296658 0.336992
 0.000017 0.999954 0.000013 0.000017
 0.000017 0.421816 0.000013 0.578154
 0.999957 0.000013 0.000013 0.000017
 0.999957 0.000013 0.000013 0.000017
 0.000017 0.538554 0.000013 0.461417
 0.384331 0.109787 0.221619 0.284263
 0.177935 0.294479 0.243940 0.283646
 0.176178 0.281385 0.230762 0.311675
 0.195089 0.177719 0.353277 0.273915
 0.000017 0.999954 0.000013 0.000017
 0.000017 0.000013 0.000013 0.999957
 0.000017 0.000013 0.000013 0.999957
 0.118605 0.301919 0.212713 0.366763
 0.340785 0.168027 0.202045 0.289143

MOTIF 5-VCTCGAGHRWDDNNB STREME-5
letter-probability matrix: alength= 4 w= 15 nsites= 357 E= 2.8e-015
 0.280364 0.338967 0.233640 0.147029
 0.000057 0.999840 0.000046 0.000057
 0.000057 0.000046 0.000046 0.999851
 0.000057 0.999840 0.000046 0.000057
 0.000057 0.000046 0.999840 0.000057
 0.999851 0.000046 0.000046 0.000057
 0.000057 0.000046 0.999840 0.000057
 0.390474 0.241006 0.026985 0.341535
 0.447496 0.099094 0.315691 0.137718
 0.428223 0.070487 0.199714 0.301575
 0.352783 0.153151 0.252290 0.241776
 0.219208 0.143049 0.213184 0.424560
 0.245319 0.216953 0.332440 0.205288
 0.212049 0.293425 0.169408 0.325118
 0.171214 0.204424 0.229689 0.394673

MOTIF 6-AAAGATCTT STREME-6
letter-probability matrix: alength= 4 w= 9 nsites= 38 E= 6.0e-002
 0.909855 0.088459 0.000754 0.000932
 0.997560 0.000754 0.000754 0.000932
 0.747211 0.173041 0.000754 0.078994
 0.000932 0.000754 0.997383 0.000932
 0.997560 0.000754 0.000754 0.000932
 0.000932 0.000754 0.000754 0.997560
 0.000932 0.997383 0.000754 0.000932
 0.000932 0.036043 0.141652 0.821374
 0.000932 0.000754 0.000754 0.997560

MOTIF 7-KCAGATCTGM STREME-7
letter-probability matrix: alength= 4 w= 10 nsites= 12 E= 7.3e-002
 0.182519 0.182132 0.377645 0.257704
 0.002030 0.994296 0.001644 0.002030
 0.994682 0.001644 0.001644 0.002030
 0.002030 0.001644 0.994296 0.002030
 0.994682 0.001644 0.001644 0.002030
 0.002030 0.001644 0.001644 0.994682
 0.002030 0.994296 0.001644 0.002030
 0.002030 0.001644 0.001644 0.994682
 0.002030 0.001644 0.994296 0.002030
 0.257704 0.377645 0.182132 0.182519

MOTIF 8-ACACCACGGA STREME-8
letter-probability matrix: alength= 4 w= 10 nsites= 12 E= 1.9e+000
 0.934209 0.020336 0.020336 0.025118
 0.025118 0.929427 0.020336 0.025118
 0.934209 0.020336 0.020336 0.025118
 0.025118 0.929427 0.020336 0.025118
 0.025118 0.929427 0.020336 0.025118
 0.934209 0.020336 0.020336 0.025118
 0.025118 0.929427 0.020336 0.025118
 0.025118 0.020336 0.929427 0.025118
 0.025118 0.020336 0.929427 0.025118
 0.934209 0.020336 0.020336 0.025118

MOTIF 9-TCAGATCAAA STREME-9
letter-probability matrix: alength= 4 w= 10 nsites= 8 E= 1.0e+001
 0.025118 0.020336 0.020336 0.934209
 0.025118 0.929427 0.020336 0.025118
 0.934209 0.020336 0.020336 0.025118
 0.025118 0.020336 0.929427 0.025118
 0.934209 0.020336 0.020336 0.025118
 0.025118 0.020336 0.020336 0.934209
 0.025118 0.929427 0.020336 0.025118
 0.934209 0.020336 0.020336 0.025118
 0.934209 0.020336 0.020336 0.025118
 0.934209 0.020336 0.020336 0.025118

MOTIF 10-AGCGATCTKT STREME-10
letter-probability matrix: alength= 4 w= 10 nsites= 10 E= 1.0e+001
 0.995162 0.001496 0.001496 0.001847
 0.001847 0.001496 0.994810 0.001847
 0.001847 0.994810 0.001496 0.001847
 0.001847 0.001496 0.994810 0.001847
 0.995162 0.001496 0.001496 0.001847
 0.001847 0.001496 0.001496 0.995162
 0.001847 0.994810 0.001496 0.001847
 0.220789 0.001496 0.001496 0.776220
 0.001847 0.001496 0.439389 0.557268
 0.220789 0.001496 0.001496 0.776220

********************************************************************************
Stopped because 3 consecutive motifs exceeded the p-value threshold (0.05).
********************************************************************************
COMMAND:	streme --dna --p data/STREME_Inputs/SQK-NBD114-24_barcode18_3_gene_pos.fasta --n data/STREME_Inputs/SQK-NBD114-24_barcode18_3_control.fasta --oc data/STREME_Outputs/SQK-NBD114-24_barcode18_3_gene
********************************************************************************
CPU:		node073
********************************************************************************
FINALTIME:	661.31 seconds
********************************************************************************
