********************************************************************************
STREME - Sensitive, Thorough, Rapid, Enriched Motif Elicitation
********************************************************************************
MEME version 5.5.8 (Release date: Thu May 15 15:01:46 2025 -0700)

For further information on how to interpret these results please access https://meme-suite.org/meme.
To get a copy of the MEME Suite software please access https://meme-suite.org.

********************************************************************************


********************************************************************************
REFERENCE
********************************************************************************
If you use this program in your research, please cite:

Timothy L. Bailey,
"STREME: accurate and versatile sequence motif discovery",
Bioinformatics, Mar. 24, 2021.
********************************************************************************


ALPHABET= ACGT

strands: + -

Background letter frequencies
A 0.216 C 0.284 G 0.284 T 0.216 

MOTIF 1-AYGTCCACNN STREME-1
letter-probability matrix: alength= 4 w= 10 nsites= 239 E= 5.1e-035
 0.436928 0.210819 0.205434 0.146819
 0.107820 0.467804 0.139329 0.285046
 0.000027 0.000035 0.999911 0.000027
 0.000027 0.000035 0.000035 0.999903
 0.000027 0.971799 0.000035 0.028139
 0.000027 0.943834 0.056113 0.000027
 0.953086 0.009732 0.011939 0.025244
 0.000027 0.950328 0.034822 0.014823
 0.266107 0.250595 0.286069 0.197229
 0.275584 0.239101 0.292154 0.193160

MOTIF 2-VCTGGGCCDN STREME-2
letter-probability matrix: alength= 4 w= 10 nsites= 98 E= 2.0e-011
 0.197279 0.289752 0.376034 0.136934
 0.000079 0.999739 0.000103 0.000079
 0.000079 0.000103 0.000103 0.999715
 0.000079 0.000103 0.999739 0.000079
 0.000079 0.000103 0.999739 0.000079
 0.000079 0.000103 0.999739 0.000079
 0.027527 0.972291 0.000103 0.000079
 0.000079 0.999739 0.000103 0.000079
 0.372360 0.055425 0.296570 0.275645
 0.188798 0.269988 0.199582 0.341632

MOTIF 3-DTTAYDVNNNNTCTS STREME-3
letter-probability matrix: alength= 4 w= 15 nsites= 125 E= 4.5e-009
 0.290177 0.151583 0.212895 0.345345
 0.000054 0.000070 0.000070 0.999805
 0.000054 0.000070 0.000070 0.999805
 0.999805 0.000070 0.000070 0.000054
 0.000054 0.462838 0.000070 0.537038
 0.266342 0.023909 0.325944 0.383805
 0.212888 0.292891 0.419578 0.074643
 0.299382 0.244237 0.175418 0.280963
 0.327644 0.224809 0.231307 0.216240
 0.320144 0.242527 0.215965 0.221365
 0.256128 0.279990 0.235020 0.228862
 0.000054 0.000070 0.000070 0.999805
 0.000054 0.999822 0.000070 0.000054
 0.000054 0.000070 0.000070 0.999805
 0.182905 0.223102 0.416865 0.177128

MOTIF 4-CCCTTGCCG STREME-4
letter-probability matrix: alength= 4 w= 9 nsites= 9 E= 1.5e-002
 0.019645 0.934900 0.025809 0.019645
 0.019645 0.934900 0.025809 0.019645
 0.019645 0.934900 0.025809 0.019645
 0.019645 0.025809 0.025809 0.928736
 0.019645 0.025809 0.025809 0.928736
 0.019645 0.025809 0.934900 0.019645
 0.019645 0.934900 0.025809 0.019645
 0.019645 0.934900 0.025809 0.019645
 0.019645 0.025809 0.934900 0.019645

MOTIF 5-GACAATAC STREME-5
letter-probability matrix: alength= 4 w= 8 nsites= 8 E= 2.1e-002
 0.001412 0.001855 0.995321 0.001412
 0.994878 0.001855 0.001855 0.001412
 0.001412 0.995321 0.001855 0.001412
 0.994878 0.001855 0.001855 0.001412
 0.994878 0.001855 0.001855 0.001412
 0.001412 0.001855 0.001855 0.994878
 0.994878 0.001855 0.001855 0.001412
 0.001412 0.683488 0.313688 0.001412

MOTIF 6-ATACGCCGGATA STREME-6
letter-probability matrix: alength= 4 w= 12 nsites= 4 E= 1.3e-001
 0.928736 0.025809 0.025809 0.019645
 0.019645 0.025809 0.025809 0.928736
 0.928736 0.025809 0.025809 0.019645
 0.019645 0.934900 0.025809 0.019645
 0.019645 0.025809 0.934900 0.019645
 0.019645 0.934900 0.025809 0.019645
 0.019645 0.934900 0.025809 0.019645
 0.019645 0.025809 0.934900 0.019645
 0.019645 0.025809 0.934900 0.019645
 0.928736 0.025809 0.025809 0.019645
 0.019645 0.025809 0.025809 0.928736
 0.928736 0.025809 0.025809 0.019645

MOTIF 7-ACAACGTTGT STREME-7
letter-probability matrix: alength= 4 w= 10 nsites= 4 E= 1.3e-001
 0.928736 0.025809 0.025809 0.019645
 0.019645 0.934900 0.025809 0.019645
 0.928736 0.025809 0.025809 0.019645
 0.928736 0.025809 0.025809 0.019645
 0.019645 0.934900 0.025809 0.019645
 0.019645 0.025809 0.934900 0.019645
 0.019645 0.025809 0.025809 0.928736
 0.019645 0.025809 0.025809 0.928736
 0.019645 0.025809 0.934900 0.019645
 0.019645 0.025809 0.025809 0.928736

MOTIF 8-CYGGATCCRG STREME-8
letter-probability matrix: alength= 4 w= 10 nsites= 36 E= 1.3e-001
 0.067899 0.691514 0.206562 0.034026
 0.054373 0.526609 0.046149 0.372870
 0.008774 0.009144 0.981929 0.000152
 0.000152 0.000200 0.964171 0.035477
 0.999447 0.000200 0.000200 0.000152
 0.000152 0.000200 0.000200 0.999447
 0.035477 0.964171 0.000200 0.000152
 0.000152 0.981929 0.009144 0.008774
 0.372870 0.046149 0.526609 0.054373
 0.034026 0.206562 0.691514 0.067899

MOTIF 9-CACAACATAGATC STREME-9
letter-probability matrix: alength= 4 w= 13 nsites= 10 E= 2.6e-001
 0.225796 0.773031 0.000666 0.000507
 0.998161 0.000666 0.000666 0.000507
 0.000507 0.789226 0.000666 0.209601
 0.676407 0.097131 0.000666 0.225796
 0.998161 0.000666 0.000666 0.000507
 0.000507 0.998320 0.000666 0.000507
 0.772872 0.225955 0.000666 0.000507
 0.000507 0.113295 0.000666 0.885532
 0.547582 0.225955 0.000666 0.225796
 0.000507 0.097131 0.789226 0.113136
 0.998161 0.000666 0.000666 0.000507
 0.000507 0.000666 0.000666 0.998161
 0.000507 0.998320 0.000666 0.000507

MOTIF 10-YGGGATCCCR STREME-10
letter-probability matrix: alength= 4 w= 10 nsites= 5 E= 2.6e-001
 0.001254 0.498746 0.120912 0.379088
 0.001254 0.001647 0.995846 0.001254
 0.001254 0.001647 0.995846 0.001254
 0.001254 0.001647 0.995846 0.001254
 0.995453 0.001647 0.001647 0.001254
 0.001254 0.001647 0.001647 0.995453
 0.001254 0.995846 0.001647 0.001254
 0.001254 0.995846 0.001647 0.001254
 0.001254 0.995846 0.001647 0.001254
 0.379088 0.120912 0.498746 0.001254

MOTIF 11-ATGTTARR STREME-11
letter-probability matrix: alength= 4 w= 8 nsites= 6 E= 3.9e-001
 0.994547 0.001975 0.001975 0.001503
 0.001503 0.001975 0.001975 0.994547
 0.001503 0.001975 0.995019 0.001503
 0.001503 0.001975 0.001975 0.994547
 0.001503 0.001975 0.001975 0.994547
 0.994547 0.001975 0.001975 0.001503
 0.556008 0.001975 0.440514 0.001503
 0.440042 0.001975 0.556480 0.001503

MOTIF 12-ATTTGATC STREME-12
letter-probability matrix: alength= 4 w= 8 nsites= 7 E= 7.7e-001
 0.928736 0.025809 0.025809 0.019645
 0.019645 0.025809 0.025809 0.928736
 0.019645 0.025809 0.025809 0.928736
 0.019645 0.025809 0.025809 0.928736
 0.019645 0.025809 0.934900 0.019645
 0.928736 0.025809 0.025809 0.019645
 0.019645 0.025809 0.025809 0.928736
 0.019645 0.934900 0.025809 0.019645

MOTIF 13-CAGGATCC STREME-13
letter-probability matrix: alength= 4 w= 8 nsites= 6 E= 7.7e-001
 0.019645 0.934900 0.025809 0.019645
 0.928736 0.025809 0.025809 0.019645
 0.019645 0.025809 0.934900 0.019645
 0.019645 0.025809 0.934900 0.019645
 0.928736 0.025809 0.025809 0.019645
 0.019645 0.025809 0.025809 0.928736
 0.019645 0.934900 0.025809 0.019645
 0.019645 0.934900 0.025809 0.019645

MOTIF 14-CCGACGTYC STREME-14
letter-probability matrix: alength= 4 w= 9 nsites= 17 E= 1.6e+001
 0.000342 0.998868 0.000449 0.000342
 0.000342 0.998868 0.000449 0.000342
 0.037662 0.000449 0.961548 0.000342
 0.998761 0.000449 0.000449 0.000342
 0.040415 0.958794 0.000449 0.000342
 0.000342 0.000449 0.998868 0.000342
 0.000342 0.000449 0.000449 0.998761
 0.000342 0.542935 0.000449 0.456274
 0.034327 0.817087 0.148245 0.000342

MOTIF 15-AAGYCCRACCGTC STREME-15
letter-probability matrix: alength= 4 w= 13 nsites= 9 E= 1.6e+001
 0.998113 0.000684 0.000684 0.000520
 0.998113 0.000684 0.000684 0.000520
 0.000520 0.000684 0.882675 0.116121
 0.000520 0.347518 0.099694 0.552268
 0.000520 0.899266 0.099694 0.000520
 0.000520 0.998276 0.000684 0.000520
 0.436667 0.000684 0.562129 0.000520
 0.998113 0.000684 0.000684 0.000520
 0.116121 0.677762 0.205597 0.000520
 0.215131 0.552431 0.000684 0.231754
 0.000520 0.000684 0.998276 0.000520
 0.000520 0.000684 0.116284 0.882512
 0.000520 0.998276 0.000684 0.000520

MOTIF 16-RACKATCATKR STREME-16
letter-probability matrix: alength= 4 w= 11 nsites= 9 E= 1.6e+001
 0.570520 0.000738 0.428181 0.000561
 0.997964 0.000738 0.000738 0.000561
 0.000561 0.998140 0.000738 0.000561
 0.000561 0.000738 0.659725 0.338976
 0.997964 0.000738 0.000738 0.000561
 0.000561 0.000738 0.000738 0.997964
 0.000561 0.784390 0.214488 0.000561
 0.997964 0.000738 0.000738 0.000561
 0.000561 0.000738 0.000738 0.997964
 0.125283 0.000738 0.535003 0.338976
 0.338976 0.000738 0.659725 0.000561

********************************************************************************
Stopped because 3 consecutive motifs exceeded the p-value threshold (0.05).
********************************************************************************
COMMAND:	streme --dna --p data/STREME_Inputs/SQK-NBD114-24_barcode16_4_intergenic_pos.fasta --n data/STREME_Inputs/SQK-NBD114-24_barcode16_4_control.fasta --oc data/STREME_Outputs/SQK-NBD114-24_barcode16_4_intergenic
********************************************************************************
CPU:		node131
********************************************************************************
FINALTIME:	502.67 seconds
********************************************************************************
