********************************************************************************
STREME - Sensitive, Thorough, Rapid, Enriched Motif Elicitation
********************************************************************************
MEME version 5.5.8 (Release date: Thu May 15 15:01:46 2025 -0700)

For further information on how to interpret these results please access https://meme-suite.org/meme.
To get a copy of the MEME Suite software please access https://meme-suite.org.

********************************************************************************


********************************************************************************
REFERENCE
********************************************************************************
If you use this program in your research, please cite:

Timothy L. Bailey,
"STREME: accurate and versatile sequence motif discovery",
Bioinformatics, Mar. 24, 2021.
********************************************************************************


ALPHABET= ACGT

strands: + -

Background letter frequencies
A 0.276 C 0.224 G 0.224 T 0.276 

MOTIF 1-MADNGATCWNVMNNN STREME-1
letter-probability matrix: alength= 4 w= 15 nsites= 3075 E= 4.1e-321
 0.431673 0.250704 0.121810 0.195813
 0.455000 0.162414 0.192549 0.190037
 0.371273 0.158095 0.256474 0.214158
 0.302225 0.252984 0.155898 0.288893
 0.000003 0.000003 0.999991 0.000003
 0.999991 0.000003 0.000003 0.000003
 0.000003 0.000003 0.000003 0.999991
 0.000003 0.999991 0.000003 0.000003
 0.465460 0.160652 0.136249 0.237639
 0.327257 0.214408 0.230292 0.228044
 0.357751 0.212243 0.263485 0.166522
 0.458788 0.270818 0.135002 0.135392
 0.292038 0.221992 0.175182 0.310789
 0.334218 0.191431 0.196622 0.277729
 0.335100 0.168156 0.202857 0.293886

MOTIF 2-NNNNDCCWGGHNNNN STREME-2
letter-probability matrix: alength= 4 w= 15 nsites= 854 E= 8.6e-081
 0.284647 0.234621 0.189203 0.291530
 0.303798 0.181111 0.203240 0.311850
 0.274536 0.232732 0.202342 0.290390
 0.309951 0.219487 0.163189 0.307373
 0.287839 0.172076 0.348369 0.191716
 0.000012 0.999966 0.000010 0.000012
 0.000012 0.999966 0.000010 0.000012
 0.499990 0.000010 0.000010 0.499990
 0.000012 0.000010 0.999966 0.000012
 0.000012 0.000010 0.999966 0.000012
 0.191716 0.348369 0.172076 0.287839
 0.307373 0.163189 0.219487 0.309951
 0.290390 0.202342 0.232732 0.274536
 0.311850 0.203240 0.181111 0.303798
 0.291530 0.189203 0.234621 0.284647

MOTIF 3-AAGHNNHRTTAG STREME-3
letter-probability matrix: alength= 4 w= 12 nsites= 312 E= 6.7e-022
 0.999856 0.000045 0.000045 0.000055
 0.999856 0.000045 0.000045 0.000055
 0.000055 0.000045 0.999845 0.000055
 0.303459 0.388420 0.086054 0.222067
 0.355245 0.210280 0.230456 0.204018
 0.242310 0.173881 0.307859 0.275950
 0.355148 0.223210 0.101758 0.319884
 0.616164 0.000045 0.383737 0.000055
 0.000055 0.000045 0.000045 0.999856
 0.000055 0.000045 0.000045 0.999856
 0.963015 0.000045 0.036886 0.000055
 0.000055 0.000045 0.999845 0.000055

MOTIF 4-GACDWHNHNGAT STREME-4
letter-probability matrix: alength= 4 w= 12 nsites= 382 E= 1.9e-021
 0.000027 0.000022 0.999924 0.000027
 0.999929 0.000022 0.000022 0.000027
 0.000027 0.999924 0.000022 0.000027
 0.418220 0.085169 0.241360 0.255250
 0.390896 0.155063 0.163822 0.290220
 0.225547 0.227631 0.180612 0.366210
 0.357486 0.193443 0.260852 0.188218
 0.216737 0.212734 0.167743 0.402786
 0.189161 0.280984 0.182272 0.347582
 0.000027 0.000022 0.999924 0.000027
 0.999929 0.000022 0.000022 0.000027
 0.000027 0.000022 0.000022 0.999929

MOTIF 5-DCTCGAGSVDKWYWN STREME-5
letter-probability matrix: alength= 4 w= 15 nsites= 92 E= 6.3e-011
 0.327199 0.070274 0.239151 0.363377
 0.000105 0.999705 0.000085 0.000105
 0.000105 0.000085 0.000085 0.999725
 0.000105 0.999705 0.000085 0.000105
 0.000105 0.000085 0.999705 0.000105
 0.999725 0.000085 0.000085 0.000105
 0.000105 0.000085 0.999705 0.000105
 0.081538 0.449265 0.253392 0.215805
 0.321088 0.299733 0.254447 0.124732
 0.230018 0.124713 0.241241 0.404029
 0.155777 0.164913 0.261041 0.418269
 0.410170 0.023481 0.044335 0.522014
 0.166470 0.253392 0.097266 0.482871
 0.387228 0.085568 0.136411 0.390792
 0.218949 0.208109 0.194901 0.378041

MOTIF 6-ATTCCCACAAC STREME-6
letter-probability matrix: alength= 4 w= 11 nsites= 8 E= 8.0e+000
 0.934209 0.020336 0.020336 0.025118
 0.025118 0.020336 0.020336 0.934209
 0.025118 0.020336 0.020336 0.934209
 0.025118 0.929427 0.020336 0.025118
 0.025118 0.929427 0.020336 0.025118
 0.025118 0.929427 0.020336 0.025118
 0.934209 0.020336 0.020336 0.025118
 0.025118 0.929427 0.020336 0.025118
 0.934209 0.020336 0.020336 0.025118
 0.934209 0.020336 0.020336 0.025118
 0.025118 0.929427 0.020336 0.025118

MOTIF 7-GCYTGATCTAKCTTK STREME-7
letter-probability matrix: alength= 4 w= 15 nsites= 4 E= 8.0e+000
 0.002955 0.002393 0.991697 0.002955
 0.002955 0.991697 0.002393 0.002955
 0.002955 0.332153 0.002393 0.662499
 0.002955 0.002393 0.002393 0.992260
 0.002955 0.002393 0.991697 0.002955
 0.992260 0.002393 0.002393 0.002955
 0.002955 0.002393 0.002393 0.992260
 0.002955 0.991697 0.002393 0.002955
 0.002955 0.002393 0.002393 0.992260
 0.992260 0.002393 0.002393 0.002955
 0.002955 0.002393 0.661937 0.332715
 0.002955 0.991697 0.002393 0.002955
 0.002955 0.002393 0.002393 0.992260
 0.002955 0.002393 0.002393 0.992260
 0.002955 0.002393 0.332153 0.662499

MOTIF 8-TCCCSTAGG STREME-8
letter-probability matrix: alength= 4 w= 9 nsites= 6 E= 8.0e+000
 0.002248 0.001820 0.001820 0.994113
 0.002248 0.993685 0.001820 0.002248
 0.002248 0.993685 0.001820 0.002248
 0.002248 0.993685 0.001820 0.002248
 0.002248 0.476402 0.519103 0.002248
 0.002248 0.001820 0.001820 0.994113
 0.994113 0.001820 0.001820 0.002248
 0.002248 0.001820 0.993685 0.002248
 0.002248 0.001820 0.993685 0.002248

********************************************************************************
Stopped because 3 consecutive motifs exceeded the p-value threshold (0.05).
********************************************************************************
COMMAND:	streme --dna --p data/STREME_Inputs/SQK-NBD114-24_barcode18_3_intergenic_pos.fasta --n data/STREME_Inputs/SQK-NBD114-24_barcode18_3_control.fasta --oc data/STREME_Outputs/SQK-NBD114-24_barcode18_3_intergenic
********************************************************************************
CPU:		node073
********************************************************************************
FINALTIME:	291.75 seconds
********************************************************************************
