********************************************************************************
STREME - Sensitive, Thorough, Rapid, Enriched Motif Elicitation
********************************************************************************
MEME version 5.5.8 (Release date: Thu May 15 15:01:46 2025 -0700)

For further information on how to interpret these results please access https://meme-suite.org/meme.
To get a copy of the MEME Suite software please access https://meme-suite.org.

********************************************************************************


********************************************************************************
REFERENCE
********************************************************************************
If you use this program in your research, please cite:

Timothy L. Bailey,
"STREME: accurate and versatile sequence motif discovery",
Bioinformatics, Mar. 24, 2021.
********************************************************************************


ALPHABET= ACGT

strands: + -

Background letter frequencies
A 0.277 C 0.223 G 0.223 T 0.277 

MOTIF 1-NNNNNGATCNNNNN STREME-1
letter-probability matrix: alength= 4 w= 14 nsites= 5115 E= 1.9e-587
 0.314853 0.164025 0.256494 0.264628
 0.251717 0.182673 0.240025 0.325585
 0.251670 0.235241 0.268547 0.244542
 0.319249 0.193045 0.245235 0.242470
 0.229214 0.226223 0.182943 0.361620
 0.000002 0.000002 0.999994 0.000002
 0.999994 0.000002 0.000002 0.000002
 0.000002 0.000002 0.000002 0.999994
 0.000002 0.999994 0.000002 0.000002
 0.361620 0.182943 0.226223 0.229214
 0.242470 0.245235 0.193045 0.319249
 0.244542 0.268547 0.235241 0.251670
 0.325585 0.240025 0.182673 0.251717
 0.264628 0.256494 0.164025 0.314853

MOTIF 2-CATCDNNNHGCTB STREME-2
letter-probability matrix: alength= 4 w= 13 nsites= 403 E= 8.3e-043
 0.000029 0.999917 0.000024 0.000029
 0.999923 0.000024 0.000024 0.000029
 0.000029 0.000024 0.000024 0.999923
 0.000029 0.999917 0.000024 0.000029
 0.375366 0.147452 0.271060 0.206122
 0.348618 0.196348 0.186194 0.268839
 0.180379 0.343914 0.175122 0.300585
 0.295710 0.214181 0.223232 0.266877
 0.311571 0.213657 0.155066 0.319706
 0.000029 0.000024 0.999917 0.000029
 0.000029 0.999917 0.000024 0.000029
 0.000029 0.000024 0.000024 0.999923
 0.146925 0.226806 0.284532 0.341737

MOTIF 3-BCAAYDNNNHRTTGV STREME-3
letter-probability matrix: alength= 4 w= 15 nsites= 265 E= 3.2e-019
 0.120489 0.249559 0.333292 0.296660
 0.000042 0.999882 0.000034 0.000042
 0.999890 0.000034 0.000034 0.000042
 0.999890 0.000034 0.000034 0.000042
 0.000042 0.548701 0.000034 0.451223
 0.358318 0.152314 0.253346 0.236022
 0.262718 0.239613 0.236699 0.260970
 0.216446 0.283554 0.283554 0.216446
 0.260970 0.236699 0.239613 0.262718
 0.236022 0.253346 0.152314 0.358318
 0.451223 0.000034 0.548701 0.000042
 0.000042 0.000034 0.000034 0.999890
 0.000042 0.000034 0.000034 0.999890
 0.000042 0.000034 0.999882 0.000042
 0.296660 0.333292 0.249559 0.120489

MOTIF 4-NGAYDNNNNRTTCA STREME-4
letter-probability matrix: alength= 4 w= 14 nsites= 218 E= 2.7e-017
 0.199674 0.281924 0.182174 0.336228
 0.000054 0.000043 0.999849 0.000054
 0.999860 0.000043 0.000043 0.000054
 0.000054 0.405387 0.000043 0.594517
 0.240535 0.144082 0.363769 0.251614
 0.342825 0.191847 0.248157 0.217171
 0.262042 0.284057 0.211378 0.242523
 0.314278 0.211688 0.295004 0.179030
 0.301442 0.265859 0.192868 0.239830
 0.464066 0.000043 0.535838 0.000054
 0.000054 0.000043 0.000043 0.999860
 0.000054 0.000043 0.000043 0.999860
 0.000054 0.999849 0.000043 0.000054
 0.999860 0.000043 0.000043 0.000054

MOTIF 5-CGHTAHHDNHDHGTC STREME-5
letter-probability matrix: alength= 4 w= 15 nsites= 95 E= 1.1e-009
 0.000150 0.999579 0.000121 0.000150
 0.000150 0.000121 0.999579 0.000150
 0.345859 0.418244 0.015424 0.220473
 0.000150 0.000121 0.000121 0.999608
 0.999608 0.000121 0.000121 0.000150
 0.284137 0.229672 0.103649 0.382542
 0.245004 0.266354 0.130661 0.357981
 0.299026 0.015424 0.384042 0.301507
 0.235776 0.256683 0.242302 0.265239
 0.410159 0.324895 0.000121 0.264825
 0.342901 0.088346 0.230593 0.338160
 0.253116 0.197950 0.153154 0.395779
 0.000150 0.000121 0.999579 0.000150
 0.000150 0.000121 0.000121 0.999608
 0.000150 0.999579 0.000121 0.000150

MOTIF 6-DCGRAGTACTYCGH STREME-6
letter-probability matrix: alength= 4 w= 14 nsites= 76 E= 5.6e-005
 0.254579 0.082040 0.365737 0.297644
 0.219522 0.580999 0.098423 0.101056
 0.133761 0.143720 0.656829 0.065689
 0.535052 0.121073 0.343714 0.000161
 0.999580 0.000130 0.000130 0.000161
 0.000161 0.000130 0.999549 0.000161
 0.000161 0.000130 0.000130 0.999580
 0.999580 0.000130 0.000130 0.000161
 0.000161 0.999549 0.000130 0.000161
 0.000161 0.000130 0.000130 0.999580
 0.000161 0.343714 0.121073 0.535052
 0.065689 0.656829 0.143720 0.133761
 0.101056 0.098423 0.580999 0.219522
 0.297644 0.365737 0.082040 0.254579

MOTIF 7-CTACCTTGCGGTC STREME-7
letter-probability matrix: alength= 4 w= 13 nsites= 5 E= 5.3e-001
 0.002432 0.993178 0.001959 0.002432
 0.002432 0.001959 0.001959 0.993650
 0.993650 0.001959 0.001959 0.002432
 0.002432 0.745377 0.249760 0.002432
 0.002432 0.745377 0.001959 0.250233
 0.250233 0.001959 0.001959 0.745849
 0.002432 0.249760 0.001959 0.745849
 0.002432 0.001959 0.993178 0.002432
 0.002432 0.993178 0.001959 0.002432
 0.002432 0.001959 0.993178 0.002432
 0.002432 0.001959 0.993178 0.002432
 0.002432 0.001959 0.001959 0.993650
 0.002432 0.993178 0.001959 0.002432

MOTIF 8-CGACATCAGYKTA STREME-8
letter-probability matrix: alength= 4 w= 13 nsites= 8 E= 9.0e+000
 0.001258 0.996471 0.001013 0.001258
 0.001258 0.001013 0.996471 0.001258
 0.996715 0.001013 0.001013 0.001258
 0.001258 0.996471 0.001013 0.001258
 0.740324 0.001013 0.001013 0.257649
 0.001258 0.001013 0.257405 0.740324
 0.001258 0.996471 0.001013 0.001258
 0.996715 0.001013 0.001013 0.001258
 0.001258 0.001013 0.996471 0.001258
 0.001258 0.513797 0.001013 0.483932
 0.001258 0.001013 0.611872 0.385856
 0.001258 0.001013 0.001013 0.996715
 0.996715 0.001013 0.001013 0.001258

MOTIF 9-CTAAATCGKSGTCA STREME-9
letter-probability matrix: alength= 4 w= 14 nsites= 3 E= 9.0e+000
 0.003233 0.990930 0.002605 0.003233
 0.003233 0.002605 0.002605 0.991558
 0.991558 0.002605 0.002605 0.003233
 0.991558 0.002605 0.002605 0.003233
 0.991558 0.002605 0.002605 0.003233
 0.003233 0.002605 0.002605 0.991558
 0.003233 0.990930 0.002605 0.003233
 0.003233 0.002605 0.990930 0.003233
 0.003233 0.002605 0.332040 0.662123
 0.003233 0.661495 0.332040 0.003233
 0.003233 0.002605 0.990930 0.003233
 0.003233 0.002605 0.002605 0.991558
 0.003233 0.990930 0.002605 0.003233
 0.991558 0.002605 0.002605 0.003233

********************************************************************************
Stopped because 3 consecutive motifs exceeded the p-value threshold (0.05).
********************************************************************************
COMMAND:	streme --dna --p data/STREME_Inputs/SQK-NBD114-24_barcode06_2_gene_pos.fasta --n data/STREME_Inputs/SQK-NBD114-24_barcode06_2_control.fasta --oc data/STREME_Outputs/SQK-NBD114-24_barcode06_2_gene
********************************************************************************
CPU:		node133
********************************************************************************
FINALTIME:	340.64 seconds
********************************************************************************
