********************************************************************************
STREME - Sensitive, Thorough, Rapid, Enriched Motif Elicitation
********************************************************************************
MEME version 5.5.8 (Release date: Thu May 15 15:01:46 2025 -0700)

For further information on how to interpret these results please access https://meme-suite.org/meme.
To get a copy of the MEME Suite software please access https://meme-suite.org.

********************************************************************************


********************************************************************************
REFERENCE
********************************************************************************
If you use this program in your research, please cite:

Timothy L. Bailey,
"STREME: accurate and versatile sequence motif discovery",
Bioinformatics, Mar. 24, 2021.
********************************************************************************


ALPHABET= ACGT

strands: + -

Background letter frequencies
A 0.226 C 0.274 G 0.274 T 0.226 

MOTIF 1-NNNNNCCWGGNNNNN STREME-1
letter-probability matrix: alength= 4 w= 15 nsites= 8353 E= 2.8e-748
 0.237227 0.268077 0.275040 0.219657
 0.228636 0.271351 0.224696 0.275316
 0.188238 0.312241 0.260467 0.239053
 0.260530 0.190093 0.309625 0.239751
 0.199059 0.227407 0.331010 0.242523
 0.000002 0.999995 0.000002 0.000002
 0.000002 0.999995 0.000002 0.000002
 0.499998 0.000002 0.000002 0.499998
 0.000002 0.000002 0.999995 0.000002
 0.000002 0.000002 0.999995 0.000002
 0.242523 0.331010 0.227407 0.199059
 0.239751 0.309625 0.190093 0.260530
 0.239053 0.260467 0.312241 0.188238
 0.275316 0.224696 0.271351 0.228636
 0.219657 0.275040 0.268077 0.237227

MOTIF 2-NNNSNGAWTCNSNNN STREME-2
letter-probability matrix: alength= 4 w= 15 nsites= 3882 E= 4.1e-255
 0.220830 0.277105 0.256443 0.245622
 0.281857 0.232367 0.269906 0.215870
 0.237682 0.335799 0.220498 0.206020
 0.182994 0.381444 0.247906 0.187656
 0.214904 0.226582 0.347637 0.210876
 0.000003 0.000004 0.999989 0.000003
 0.999989 0.000004 0.000004 0.000003
 0.386521 0.113479 0.113479 0.386521
 0.000003 0.000004 0.000004 0.999989
 0.000003 0.999989 0.000004 0.000003
 0.210876 0.347637 0.226582 0.214904
 0.187656 0.247906 0.381444 0.182994
 0.206020 0.220498 0.335799 0.237682
 0.215870 0.269906 0.232367 0.281857
 0.245622 0.256443 0.277105 0.220830

MOTIF 3-CCAGHWBVNBGTCR STREME-3
letter-probability matrix: alength= 4 w= 14 nsites= 1405 E= 2.3e-089
 0.000009 0.999971 0.000011 0.000009
 0.000009 0.999971 0.000011 0.000009
 0.999969 0.000011 0.000011 0.000009
 0.000009 0.000011 0.999971 0.000009
 0.382381 0.376289 0.034094 0.207235
 0.372132 0.169813 0.182262 0.275792
 0.157181 0.360755 0.263562 0.218503
 0.248345 0.319293 0.313238 0.119124
 0.224392 0.270714 0.170371 0.334524
 0.079527 0.315129 0.298012 0.307331
 0.000009 0.000011 0.999971 0.000009
 0.000009 0.000011 0.000011 0.999969
 0.000009 0.999971 0.000011 0.000009
 0.387568 0.175177 0.356313 0.080942

MOTIF 4-SGAGGNSNNSRTGA STREME-4
letter-probability matrix: alength= 4 w= 14 nsites= 757 E= 8.2e-052
 0.086291 0.503033 0.361437 0.049239
 0.000022 0.000026 0.999930 0.000022
 0.999925 0.000026 0.000026 0.000022
 0.000022 0.000026 0.999930 0.000022
 0.208005 0.196610 0.492584 0.102800
 0.205931 0.291719 0.212648 0.289702
 0.189938 0.415292 0.216643 0.178127
 0.260642 0.195120 0.346371 0.197866
 0.203945 0.272074 0.248790 0.275191
 0.143308 0.401348 0.352261 0.103083
 0.635848 0.000026 0.364104 0.000022
 0.000022 0.000026 0.000026 0.999925
 0.000022 0.000026 0.999930 0.000022
 0.999925 0.000026 0.000026 0.000022

MOTIF 5-ACCCTGACCC STREME-5
letter-probability matrix: alength= 4 w= 10 nsites= 8 E= 8.8e-001
 0.929673 0.024873 0.024873 0.020582
 0.020582 0.933964 0.024873 0.020582
 0.020582 0.933964 0.024873 0.020582
 0.020582 0.933964 0.024873 0.020582
 0.020582 0.024873 0.024873 0.929673
 0.020582 0.024873 0.933964 0.020582
 0.929673 0.024873 0.024873 0.020582
 0.020582 0.933964 0.024873 0.020582
 0.020582 0.933964 0.024873 0.020582
 0.020582 0.933964 0.024873 0.020582

MOTIF 6-CCAGGTGATCCG STREME-6
letter-probability matrix: alength= 4 w= 12 nsites= 5 E= 7.0e+000
 0.002703 0.991328 0.003266 0.002703
 0.002703 0.991328 0.003266 0.002703
 0.990765 0.003266 0.003266 0.002703
 0.002703 0.003266 0.991328 0.002703
 0.002703 0.003266 0.991328 0.002703
 0.002703 0.003266 0.003266 0.990765
 0.002703 0.003266 0.991328 0.002703
 0.990765 0.003266 0.003266 0.002703
 0.002703 0.003266 0.003266 0.990765
 0.002703 0.991328 0.003266 0.002703
 0.249716 0.744315 0.003266 0.002703
 0.002703 0.250280 0.744315 0.002703

MOTIF 7-GCCTGGCGATCCS STREME-7
letter-probability matrix: alength= 4 w= 13 nsites= 5 E= 7.0e+000
 0.003074 0.003714 0.990138 0.003074
 0.003074 0.990138 0.003714 0.003074
 0.003074 0.990138 0.003714 0.003074
 0.283980 0.003714 0.003714 0.708591
 0.003074 0.003714 0.990138 0.003074
 0.003074 0.003714 0.990138 0.003074
 0.003074 0.990138 0.003714 0.003074
 0.003074 0.003714 0.990138 0.003074
 0.989497 0.003714 0.003714 0.003074
 0.003074 0.003714 0.003714 0.989497
 0.003074 0.990138 0.003714 0.003074
 0.003074 0.990138 0.003714 0.003074
 0.003074 0.565527 0.428326 0.003074

********************************************************************************
Stopped because 3 consecutive motifs exceeded the p-value threshold (0.05).
********************************************************************************
COMMAND:	streme --dna --p data/STREME_Inputs/SQK-NBD114-24_barcode07_2_gene_pos.fasta --n data/STREME_Inputs/SQK-NBD114-24_barcode07_2_control.fasta --oc data/STREME_Outputs/SQK-NBD114-24_barcode07_2_gene
********************************************************************************
CPU:		node149
********************************************************************************
FINALTIME:	450.41 seconds
********************************************************************************
