********************************************************************************
STREME - Sensitive, Thorough, Rapid, Enriched Motif Elicitation
********************************************************************************
MEME version 5.5.8 (Release date: Thu May 15 15:01:46 2025 -0700)

For further information on how to interpret these results please access https://meme-suite.org/meme.
To get a copy of the MEME Suite software please access https://meme-suite.org.

********************************************************************************


********************************************************************************
REFERENCE
********************************************************************************
If you use this program in your research, please cite:

Timothy L. Bailey,
"STREME: accurate and versatile sequence motif discovery",
Bioinformatics, Mar. 24, 2021.
********************************************************************************


ALPHABET= ACGT

strands: + -

Background letter frequencies
A 0.217 C 0.283 G 0.283 T 0.217 

MOTIF 1-NTTAYNSNNNNTCTB STREME-1
letter-probability matrix: alength= 4 w= 15 nsites= 158 E= 2.2e-031
 0.246834 0.169941 0.291637 0.291588
 0.000036 0.000047 0.000047 0.999870
 0.000036 0.000047 0.000047 0.999870
 0.999870 0.000047 0.000047 0.000036
 0.000036 0.475321 0.000047 0.524597
 0.162907 0.296155 0.262439 0.278499
 0.137319 0.303622 0.416738 0.142321
 0.268085 0.197974 0.291634 0.242308
 0.257684 0.196859 0.317416 0.228041
 0.309935 0.226251 0.246182 0.217633
 0.265375 0.214036 0.194578 0.326010
 0.000036 0.000047 0.000047 0.999870
 0.000036 0.999881 0.000047 0.000036
 0.000036 0.000047 0.000047 0.999870
 0.172650 0.200913 0.397255 0.229182

MOTIF 2-DSHGGATCCDSH STREME-2
letter-probability matrix: alength= 4 w= 12 nsites= 203 E= 6.1e-030
 0.198353 0.147281 0.318026 0.336340
 0.183454 0.412406 0.220378 0.183762
 0.183310 0.359435 0.119709 0.337546
 0.000028 0.000036 0.999909 0.000028
 0.000028 0.000036 0.999909 0.000028
 0.999900 0.000036 0.000036 0.000028
 0.000028 0.000036 0.000036 0.999900
 0.000028 0.999909 0.000036 0.000028
 0.000028 0.999909 0.000036 0.000028
 0.337546 0.119709 0.359435 0.183310
 0.183762 0.220378 0.412406 0.183454
 0.336340 0.318026 0.147281 0.198353

MOTIF 3-NNYGTCCACNNNND STREME-3
letter-probability matrix: alength= 4 w= 14 nsites= 261 E= 1.7e-029
 0.244446 0.281966 0.314922 0.158666
 0.336658 0.237578 0.206054 0.219710
 0.136786 0.401471 0.166919 0.294824
 0.000021 0.000028 0.999930 0.000021
 0.000021 0.000028 0.000028 0.999924
 0.000021 0.999930 0.000028 0.000021
 0.000021 0.952589 0.047369 0.000021
 0.999924 0.000028 0.000028 0.000021
 0.000021 0.974201 0.000028 0.025750
 0.239597 0.325428 0.230122 0.204853
 0.289989 0.204401 0.294648 0.210962
 0.194705 0.348777 0.248789 0.207730
 0.197981 0.265715 0.316262 0.220042
 0.319986 0.136680 0.229187 0.314147

MOTIF 4-HGGCCCAGSNNDNNV STREME-4
letter-probability matrix: alength= 4 w= 15 nsites= 116 E= 2.9e-009
 0.276923 0.317715 0.069027 0.336335
 0.000048 0.000063 0.999840 0.000048
 0.000048 0.000063 0.999840 0.000048
 0.000048 0.999840 0.000063 0.000048
 0.000048 0.999840 0.000063 0.000048
 0.000048 0.999840 0.000063 0.000048
 0.999825 0.000063 0.000063 0.000048
 0.000048 0.000063 0.999840 0.000048
 0.087619 0.412314 0.342842 0.157225
 0.241249 0.358881 0.218538 0.181332
 0.188344 0.268882 0.259706 0.283068
 0.199273 0.178276 0.386834 0.235617
 0.198403 0.314152 0.241739 0.245705
 0.247227 0.317073 0.228759 0.206941
 0.252701 0.342452 0.248264 0.156583

MOTIF 5-GACGTCGSCGK STREME-5
letter-probability matrix: alength= 4 w= 11 nsites= 25 E= 1.1e-002
 0.223542 0.000312 0.775907 0.000239
 0.999137 0.000312 0.000312 0.000239
 0.000239 0.999210 0.000312 0.000239
 0.000239 0.000312 0.999210 0.000239
 0.000239 0.000312 0.000312 0.999137
 0.000239 0.919400 0.080122 0.000239
 0.000239 0.176343 0.823179 0.000239
 0.049928 0.455192 0.494640 0.000239
 0.000239 0.899820 0.099702 0.000239
 0.000239 0.204907 0.794616 0.000239
 0.227367 0.000312 0.300287 0.472034

MOTIF 6-CAACGTCCAKGAKCG STREME-6
letter-probability matrix: alength= 4 w= 15 nsites= 5 E= 9.9e-002
 0.001591 0.994741 0.002078 0.001591
 0.994254 0.002078 0.002078 0.001591
 0.994254 0.002078 0.002078 0.001591
 0.001591 0.994741 0.002078 0.001591
 0.001591 0.002078 0.994741 0.001591
 0.001591 0.002078 0.002078 0.994254
 0.001591 0.994741 0.002078 0.001591
 0.001591 0.994741 0.002078 0.001591
 0.994254 0.002078 0.002078 0.001591
 0.001591 0.002078 0.663878 0.332454
 0.001591 0.002078 0.994741 0.001591
 0.994254 0.002078 0.002078 0.001591
 0.001591 0.002078 0.663878 0.332454
 0.001591 0.994741 0.002078 0.001591
 0.001591 0.002078 0.994741 0.001591

MOTIF 7-GAYAATAC STREME-7
letter-probability matrix: alength= 4 w= 8 nsites= 13 E= 5.8e-001
 0.000842 0.001100 0.997217 0.000842
 0.996959 0.001100 0.001100 0.000842
 0.000842 0.397975 0.001100 0.600083
 0.996959 0.001100 0.001100 0.000842
 0.996959 0.001100 0.001100 0.000842
 0.000842 0.001100 0.001100 0.996959
 0.996959 0.001100 0.001100 0.000842
 0.000842 0.913092 0.085225 0.000842

MOTIF 8-GAMGCGAARGCKTC STREME-8
letter-probability matrix: alength= 4 w= 14 nsites= 6 E= 9.0e+000
 0.000798 0.001043 0.997361 0.000798
 0.997117 0.001043 0.001043 0.000798
 0.332904 0.665255 0.001043 0.000798
 0.000798 0.001043 0.997361 0.000798
 0.000798 0.997361 0.001043 0.000798
 0.000798 0.001043 0.997361 0.000798
 0.997117 0.001043 0.001043 0.000798
 0.997117 0.001043 0.001043 0.000798
 0.665010 0.001043 0.333149 0.000798
 0.000798 0.001043 0.997361 0.000798
 0.000798 0.997361 0.001043 0.000798
 0.000798 0.001043 0.333149 0.665010
 0.000798 0.001043 0.001043 0.997117
 0.000798 0.997361 0.001043 0.000798

MOTIF 9-TCCGAAGTCCRAMMG STREME-9
letter-probability matrix: alength= 4 w= 15 nsites= 7 E= 9.0e+000
 0.146267 0.146481 0.146481 0.560772
 0.000700 0.852120 0.146481 0.000700
 0.146267 0.852120 0.000914 0.000700
 0.000700 0.000914 0.997686 0.000700
 0.997472 0.000914 0.000914 0.000700
 0.997472 0.000914 0.000914 0.000700
 0.000700 0.000914 0.706553 0.291833
 0.000700 0.146481 0.146481 0.706338
 0.146267 0.706553 0.146481 0.000700
 0.000700 0.852120 0.146481 0.000700
 0.291833 0.146481 0.560986 0.000700
 0.851905 0.000914 0.146481 0.000700
 0.291833 0.560986 0.146481 0.000700
 0.291833 0.560986 0.000914 0.146267
 0.000700 0.000914 0.997686 0.000700

********************************************************************************
Stopped because 3 consecutive motifs exceeded the p-value threshold (0.05).
********************************************************************************
COMMAND:	streme --dna --p data/STREME_Inputs/SQK-NBD114-24_barcode14_1_intergenic_pos.fasta --n data/STREME_Inputs/SQK-NBD114-24_barcode14_1_control.fasta --oc data/STREME_Outputs/SQK-NBD114-24_barcode14_1_intergenic
********************************************************************************
CPU:		node073
********************************************************************************
FINALTIME:	269.73 seconds
********************************************************************************
