********************************************************************************
STREME - Sensitive, Thorough, Rapid, Enriched Motif Elicitation
********************************************************************************
MEME version 5.5.8 (Release date: Thu May 15 15:01:46 2025 -0700)

For further information on how to interpret these results please access https://meme-suite.org/meme.
To get a copy of the MEME Suite software please access https://meme-suite.org.

********************************************************************************


********************************************************************************
REFERENCE
********************************************************************************
If you use this program in your research, please cite:

Timothy L. Bailey,
"STREME: accurate and versatile sequence motif discovery",
Bioinformatics, Mar. 24, 2021.
********************************************************************************


ALPHABET= ACGT

strands: + -

Background letter frequencies
A 0.217 C 0.283 G 0.283 T 0.217 

MOTIF 1-BVNBGTSSACVNBV STREME-1
letter-probability matrix: alength= 4 w= 14 nsites= 2025 E= 1.2e-171
 0.159257 0.374786 0.242437 0.223520
 0.192798 0.296278 0.375517 0.135408
 0.260786 0.231775 0.193017 0.314422
 0.121480 0.360868 0.285049 0.232603
 0.005148 0.000006 0.994841 0.000005
 0.001466 0.003660 0.000006 0.994867
 0.000005 0.509784 0.490206 0.000005
 0.000005 0.490206 0.509784 0.000005
 0.994867 0.000006 0.003660 0.001466
 0.000005 0.994841 0.000006 0.005148
 0.232603 0.285049 0.360868 0.121480
 0.314422 0.193017 0.231775 0.260786
 0.135408 0.375517 0.296278 0.192798
 0.223520 0.242437 0.374786 0.159257

MOTIF 2-NNNSNGGATCCNSNNN STREME-2
letter-probability matrix: alength= 4 w= 16 nsites= 1136 E= 1.9e-117
 0.261605 0.214272 0.278321 0.245802
 0.231790 0.282155 0.257340 0.228716
 0.223117 0.301913 0.175490 0.299479
 0.176830 0.430133 0.243797 0.149240
 0.180589 0.322587 0.196329 0.300495
 0.000008 0.000011 0.999972 0.000008
 0.000008 0.000011 0.999972 0.000008
 0.999969 0.000011 0.000011 0.000008
 0.000008 0.000011 0.000011 0.999969
 0.000008 0.999972 0.000011 0.000008
 0.000008 0.999972 0.000011 0.000008
 0.300495 0.196329 0.322587 0.180589
 0.149240 0.243797 0.430133 0.176830
 0.299479 0.175490 0.301913 0.223117
 0.228716 0.257340 0.282155 0.231790
 0.245802 0.278321 0.214272 0.261605

MOTIF 3-CHGGCCCAGVNNNNB STREME-3
letter-probability matrix: alength= 4 w= 15 nsites= 1330 E= 2.1e-110
 0.180748 0.492421 0.216183 0.110647
 0.329154 0.244498 0.073892 0.352457
 0.000008 0.000915 0.999070 0.000008
 0.001818 0.000010 0.998165 0.000008
 0.000008 0.999975 0.000010 0.000008
 0.000008 0.999975 0.000010 0.000008
 0.000008 0.999299 0.000686 0.000008
 0.999973 0.000010 0.000010 0.000008
 0.000008 0.000010 0.999975 0.000008
 0.200035 0.249422 0.380772 0.169771
 0.267653 0.271813 0.231204 0.229331
 0.184388 0.334244 0.267084 0.214284
 0.209935 0.272732 0.324810 0.192523
 0.245347 0.251507 0.220855 0.282290
 0.122657 0.336543 0.350430 0.190369

MOTIF 4-SGGCAYSVNBVNSAT STREME-4
letter-probability matrix: alength= 4 w= 15 nsites= 1081 E= 2.7e-088
 0.101770 0.425015 0.266993 0.206222
 0.000009 0.000012 0.999969 0.000009
 0.001135 0.000012 0.998843 0.000009
 0.160224 0.579846 0.000012 0.259917
 0.999966 0.000012 0.000012 0.000009
 0.000009 0.439080 0.000012 0.560898
 0.107211 0.439047 0.267057 0.186685
 0.198072 0.259272 0.394552 0.148104
 0.254934 0.292714 0.229373 0.222979
 0.142167 0.359863 0.314072 0.183899
 0.228037 0.242608 0.372134 0.157221
 0.238836 0.258381 0.228492 0.274291
 0.146751 0.390684 0.274983 0.187582
 0.999966 0.000012 0.000012 0.000009
 0.000009 0.000012 0.000012 0.999966

MOTIF 5-BCGVCGACGTCGBCGV STREME-5
letter-probability matrix: alength= 4 w= 16 nsites= 496 E= 1.4e-049
 0.150198 0.287170 0.205663 0.356969
 0.049091 0.532894 0.236964 0.181052
 0.230145 0.146334 0.602386 0.021135
 0.260172 0.383518 0.202811 0.153500
 0.039903 0.733923 0.226155 0.000019
 0.209905 0.038284 0.751793 0.000019
 0.999931 0.000025 0.000025 0.000019
 0.000019 0.999937 0.000025 0.000019
 0.000019 0.000025 0.999937 0.000019
 0.000019 0.000025 0.000025 0.999931
 0.000019 0.751793 0.038284 0.209905
 0.000019 0.226155 0.733923 0.039903
 0.153500 0.202811 0.383518 0.260172
 0.021135 0.602386 0.146334 0.230145
 0.181052 0.236964 0.532894 0.049091
 0.356969 0.205663 0.287170 0.150198

MOTIF 6-AGAWHVNSVRTAAN STREME-6
letter-probability matrix: alength= 4 w= 14 nsites= 496 E= 1.2e-035
 0.999930 0.000025 0.000025 0.000019
 0.000019 0.000025 0.999936 0.000019
 0.999930 0.000025 0.000025 0.000019
 0.375407 0.133006 0.157045 0.334542
 0.195170 0.377322 0.176409 0.251099
 0.253456 0.260925 0.351454 0.134164
 0.207204 0.285560 0.212759 0.294476
 0.116697 0.456202 0.263174 0.163927
 0.250316 0.256823 0.398753 0.094108
 0.442555 0.000025 0.557401 0.000019
 0.000019 0.000025 0.000025 0.999930
 0.999930 0.000025 0.000025 0.000019
 0.999930 0.000025 0.000025 0.000019
 0.284246 0.284377 0.203002 0.228375

MOTIF 7-BGATCDGSDNSRTGC STREME-7
letter-probability matrix: alength= 4 w= 15 nsites= 97 E= 2.0e-007
 0.105334 0.342049 0.242724 0.309894
 0.008835 0.000128 0.990939 0.000098
 0.999647 0.000128 0.000128 0.000098
 0.000098 0.000128 0.000128 0.999647
 0.000098 0.999677 0.000128 0.000098
 0.344974 0.149181 0.175521 0.330325
 0.000098 0.000128 0.754127 0.245648
 0.081948 0.415162 0.362478 0.140412
 0.266079 0.169610 0.210599 0.353711
 0.187185 0.350784 0.219338 0.242693
 0.175492 0.333311 0.420942 0.070255
 0.552491 0.000128 0.447284 0.000098
 0.000098 0.000128 0.000128 0.999647
 0.271861 0.000128 0.555476 0.172536
 0.000098 0.999677 0.000128 0.000098

MOTIF 8-GAASNSSCRBYGTC STREME-8
letter-probability matrix: alength= 4 w= 14 nsites= 132 E= 2.6e-005
 0.000074 0.000097 0.999754 0.000074
 0.999731 0.000097 0.000097 0.000074
 0.999731 0.000097 0.000097 0.000074
 0.147702 0.441906 0.279046 0.131346
 0.249222 0.277694 0.188634 0.284451
 0.000074 0.376498 0.446726 0.176701
 0.000074 0.466335 0.533516 0.000074
 0.183357 0.482513 0.120217 0.213912
 0.379169 0.182528 0.438229 0.000074
 0.102392 0.219035 0.357692 0.320880
 0.210815 0.268291 0.000097 0.520797
 0.071285 0.000097 0.928543 0.000074
 0.000074 0.000097 0.000097 0.999731
 0.000074 0.999754 0.000097 0.000074

MOTIF 9-GATGNNVNBSRT STREME-9
letter-probability matrix: alength= 4 w= 12 nsites= 473 E= 1.1e-003
 0.000021 0.000028 0.999930 0.000021
 0.999924 0.000028 0.000028 0.000021
 0.000021 0.000028 0.000028 0.999924
 0.286153 0.000028 0.713798 0.000021
 0.331007 0.209982 0.274746 0.184265
 0.199499 0.349617 0.177661 0.273223
 0.194113 0.286360 0.385476 0.134052
 0.211861 0.232899 0.278081 0.277159
 0.150750 0.395090 0.197964 0.256196
 0.181329 0.251532 0.463237 0.103902
 0.583512 0.000028 0.416439 0.000021
 0.000021 0.000028 0.000028 0.999924

MOTIF 10-CCGACGTGGCC STREME-10
letter-probability matrix: alength= 4 w= 11 nsites= 25 E= 6.7e-003
 0.000415 0.713491 0.000542 0.285552
 0.000415 0.763109 0.236061 0.000415
 0.000415 0.000542 0.998628 0.000415
 0.998500 0.000542 0.000542 0.000415
 0.000415 0.998628 0.000542 0.000415
 0.000415 0.000542 0.998628 0.000415
 0.000415 0.000542 0.000542 0.998500
 0.000415 0.000542 0.862334 0.136709
 0.000415 0.000542 0.998628 0.000415
 0.000415 0.763104 0.236065 0.000415
 0.000415 0.882142 0.000542 0.116901

MOTIF 11-GACGGACCACKT STREME-11
letter-probability matrix: alength= 4 w= 12 nsites= 20 E= 9.0e-002
 0.159015 0.000482 0.840134 0.000369
 0.998666 0.000482 0.000482 0.000369
 0.000369 0.689917 0.000482 0.309232
 0.000369 0.000482 0.998780 0.000369
 0.121575 0.233224 0.644832 0.000369
 0.998666 0.000482 0.000482 0.000369
 0.097480 0.813429 0.000482 0.088608
 0.000369 0.998780 0.000482 0.000369
 0.998666 0.000482 0.000482 0.000369
 0.265113 0.674364 0.027187 0.033336
 0.044488 0.000482 0.483544 0.471487
 0.000369 0.000482 0.000482 0.998666

MOTIF 12-HGGACGTCCD STREME-12
letter-probability matrix: alength= 4 w= 10 nsites= 26 E= 1.1e-001
 0.208937 0.377937 0.000570 0.412556
 0.052552 0.275658 0.671354 0.000436
 0.000436 0.000570 0.998558 0.000436
 0.998425 0.000570 0.000570 0.000436
 0.000436 0.998558 0.000570 0.000436
 0.000436 0.000570 0.998558 0.000436
 0.000436 0.000570 0.000570 0.998425
 0.000436 0.998558 0.000570 0.000436
 0.000436 0.671354 0.275658 0.052552
 0.412556 0.000570 0.377937 0.208937

MOTIF 13-ACGGATCAGWGCYA STREME-13
letter-probability matrix: alength= 4 w= 14 nsites= 19 E= 2.6e-001
 0.997783 0.000802 0.000802 0.000614
 0.128751 0.869834 0.000802 0.000614
 0.055414 0.272116 0.671857 0.000614
 0.000614 0.000802 0.997971 0.000614
 0.997783 0.000802 0.000802 0.000614
 0.000614 0.000802 0.000802 0.997783
 0.000614 0.924634 0.074139 0.000614
 0.726469 0.000802 0.000802 0.271928
 0.000614 0.272116 0.653320 0.073951
 0.473403 0.147476 0.055602 0.323519
 0.055414 0.000802 0.723159 0.220626
 0.000614 0.748403 0.250370 0.000614
 0.073951 0.492128 0.128939 0.304982
 0.997783 0.000802 0.000802 0.000614

MOTIF 14-AACGRAMCACGTC STREME-14
letter-probability matrix: alength= 4 w= 13 nsites= 11 E= 1.6e+001
 0.899298 0.001068 0.098816 0.000818
 0.997046 0.001068 0.001068 0.000818
 0.000818 0.997296 0.001068 0.000818
 0.000818 0.001068 0.801796 0.196318
 0.489566 0.001068 0.508548 0.000818
 0.997046 0.001068 0.001068 0.000818
 0.352308 0.450306 0.196568 0.000818
 0.000818 0.997296 0.001068 0.000818
 0.801545 0.196568 0.001068 0.000818
 0.000818 0.743559 0.157058 0.098566
 0.000818 0.001068 0.997296 0.000818
 0.000818 0.001068 0.001068 0.997046
 0.000818 0.997296 0.001068 0.000818

MOTIF 15-AASCAGYTGCGTC STREME-15
letter-probability matrix: alength= 4 w= 13 nsites= 8 E= 1.6e+001
 0.994636 0.001940 0.001940 0.001485
 0.994636 0.001940 0.001940 0.001485
 0.001485 0.640128 0.356903 0.001485
 0.001485 0.995090 0.001940 0.001485
 0.994636 0.001940 0.001940 0.001485
 0.284710 0.001940 0.711865 0.001485
 0.001485 0.640128 0.001940 0.356448
 0.001485 0.001940 0.001940 0.994636
 0.001485 0.001940 0.995090 0.001485
 0.001485 0.995090 0.001940 0.001485
 0.001485 0.001940 0.995090 0.001485
 0.001485 0.001940 0.001940 0.994636
 0.001485 0.995090 0.001940 0.001485

MOTIF 16-AAAYGATGRTGTC STREME-16
letter-probability matrix: alength= 4 w= 13 nsites= 6 E= 1.6e+001
 0.994995 0.001810 0.001810 0.001386
 0.994995 0.001810 0.001810 0.001386
 0.994995 0.001810 0.001810 0.001386
 0.001386 0.333010 0.001810 0.663794
 0.001386 0.001810 0.995419 0.001386
 0.994995 0.001810 0.001810 0.001386
 0.166986 0.167410 0.001810 0.663794
 0.001386 0.001810 0.995419 0.001386
 0.663794 0.001810 0.333010 0.001386
 0.001386 0.001810 0.167410 0.829394
 0.001386 0.167410 0.829819 0.001386
 0.001386 0.001810 0.001810 0.994995
 0.001386 0.995419 0.001810 0.001386

********************************************************************************
Stopped because 3 consecutive motifs exceeded the p-value threshold (0.05).
********************************************************************************
COMMAND:	streme --dna --p data/STREME_Inputs/SQK-NBD114-24_barcode14_1_gene_pos.fasta --n data/STREME_Inputs/SQK-NBD114-24_barcode14_1_control.fasta --oc data/STREME_Outputs/SQK-NBD114-24_barcode14_1_gene
********************************************************************************
CPU:		node073
********************************************************************************
FINALTIME:	578.49 seconds
********************************************************************************
