********************************************************************************
STREME - Sensitive, Thorough, Rapid, Enriched Motif Elicitation
********************************************************************************
MEME version 5.5.8 (Release date: Thu May 15 15:01:46 2025 -0700)

For further information on how to interpret these results please access https://meme-suite.org/meme.
To get a copy of the MEME Suite software please access https://meme-suite.org.

********************************************************************************


********************************************************************************
REFERENCE
********************************************************************************
If you use this program in your research, please cite:

Timothy L. Bailey,
"STREME: accurate and versatile sequence motif discovery",
Bioinformatics, Mar. 24, 2021.
********************************************************************************


ALPHABET= ACGT

strands: + -

Background letter frequencies
A 0.217 C 0.283 G 0.283 T 0.217 

MOTIF 1-NCHGGCCCAGVNNNN STREME-1
letter-probability matrix: alength= 4 w= 15 nsites= 536 E= 8.0e-075
 0.190866 0.343826 0.265729 0.199580
 0.159695 0.493703 0.202539 0.144064
 0.313525 0.232233 0.086707 0.367535
 0.000014 0.000019 0.999952 0.000014
 0.000014 0.000019 0.999952 0.000014
 0.000014 0.999952 0.000019 0.000014
 0.000014 0.999952 0.000019 0.000014
 0.000014 0.999952 0.000019 0.000014
 0.999948 0.000019 0.000019 0.000014
 0.000014 0.000019 0.999952 0.000014
 0.210141 0.250676 0.361764 0.177418
 0.257201 0.296131 0.204329 0.242339
 0.185426 0.326870 0.276472 0.211232
 0.201704 0.272307 0.340319 0.185670
 0.264630 0.259900 0.200671 0.274799

MOTIF 2-VNBGTSSACVNB STREME-2
letter-probability matrix: alength= 4 w= 12 nsites= 918 E= 3.9e-069
 0.211165 0.278317 0.349288 0.161231
 0.234723 0.273153 0.191312 0.300813
 0.122131 0.362539 0.288738 0.226592
 0.000008 0.000011 0.999972 0.000008
 0.000008 0.000011 0.000011 0.999970
 0.003274 0.515652 0.481065 0.000008
 0.000008 0.481065 0.515652 0.003274
 0.999970 0.000011 0.000011 0.000008
 0.000008 0.999972 0.000011 0.000008
 0.226592 0.288738 0.362539 0.122131
 0.300813 0.191312 0.273153 0.234723
 0.161231 0.349288 0.278317 0.211165

MOTIF 3-GGCAYBVNSVNSATC STREME-3
letter-probability matrix: alength= 4 w= 15 nsites= 484 E= 2.5e-048
 0.000015 0.000020 0.999949 0.000015
 0.000015 0.000020 0.999949 0.000015
 0.183705 0.556767 0.000020 0.259507
 0.999945 0.000020 0.000020 0.000015
 0.000015 0.428498 0.000020 0.571467
 0.137057 0.397940 0.265727 0.199276
 0.218873 0.240248 0.402910 0.137968
 0.255437 0.279537 0.263591 0.201435
 0.127716 0.362806 0.336733 0.172744
 0.220152 0.253711 0.356425 0.169712
 0.232621 0.269009 0.216511 0.281860
 0.166166 0.366000 0.287379 0.180455
 0.999945 0.000020 0.000020 0.000015
 0.000015 0.000020 0.000020 0.999945
 0.000015 0.999949 0.000020 0.000015

MOTIF 4-VNGGATCCNB STREME-4
letter-probability matrix: alength= 4 w= 10 nsites= 313 E= 3.6e-036
 0.207959 0.410452 0.233592 0.147998
 0.182155 0.332112 0.201284 0.284449
 0.000028 0.000037 0.999907 0.000028
 0.000028 0.000037 0.999907 0.000028
 0.999898 0.000037 0.000037 0.000028
 0.000028 0.000037 0.000037 0.999898
 0.000028 0.999907 0.000037 0.000028
 0.000028 0.999907 0.000037 0.000028
 0.284449 0.201284 0.332112 0.182155
 0.147998 0.233592 0.410452 0.207959

MOTIF 5-NCRNCGACGTCGNYGN STREME-5
letter-probability matrix: alength= 4 w= 16 nsites= 271 E= 4.6e-023
 0.225086 0.267264 0.234392 0.273258
 0.064737 0.514543 0.246881 0.173840
 0.305576 0.109956 0.572520 0.011948
 0.316285 0.259691 0.239663 0.184361
 0.024037 0.742962 0.232974 0.000026
 0.308717 0.047482 0.643775 0.000026
 0.999905 0.000034 0.000034 0.000026
 0.000026 0.999913 0.000034 0.000026
 0.000026 0.000034 0.999913 0.000026
 0.000026 0.000034 0.000034 0.999905
 0.000026 0.643775 0.047482 0.308717
 0.000026 0.232974 0.742962 0.024037
 0.184361 0.239663 0.259691 0.316285
 0.011948 0.572520 0.109956 0.305576
 0.173840 0.246881 0.514543 0.064737
 0.273258 0.234392 0.267264 0.225086

MOTIF 6-CAGAWYVNSVRTAAN STREME-6
letter-probability matrix: alength= 4 w= 15 nsites= 195 E= 4.1e-021
 0.244001 0.505974 0.249987 0.000037
 0.999865 0.000049 0.000049 0.000037
 0.000037 0.000049 0.999877 0.000037
 0.999865 0.000049 0.000049 0.000037
 0.398746 0.089636 0.132689 0.378928
 0.179320 0.384971 0.133848 0.301860
 0.320104 0.313525 0.258817 0.107554
 0.162930 0.263103 0.249512 0.324456
 0.000037 0.533509 0.308851 0.157602
 0.323965 0.231215 0.370989 0.073832
 0.419493 0.000049 0.580421 0.000037
 0.005855 0.000049 0.000049 0.994048
 0.994048 0.005866 0.000049 0.000037
 0.999865 0.000049 0.000049 0.000037
 0.247666 0.268816 0.199800 0.283718

MOTIF 7-CSGACGTCSG STREME-7
letter-probability matrix: alength= 4 w= 10 nsites= 25 E= 1.9e-004
 0.167078 0.534163 0.036086 0.262673
 0.172469 0.417313 0.409946 0.000273
 0.000273 0.103899 0.895555 0.000273
 0.999015 0.000356 0.000356 0.000273
 0.000273 0.999098 0.000356 0.000273
 0.000273 0.000356 0.999098 0.000273
 0.000273 0.000356 0.000356 0.999015
 0.000273 0.895555 0.103899 0.000273
 0.000273 0.409946 0.417313 0.172469
 0.262673 0.036086 0.534163 0.167078

MOTIF 8-GACGGACCACKT STREME-8
letter-probability matrix: alength= 4 w= 12 nsites= 15 E= 1.0e+001
 0.059794 0.000498 0.939327 0.000381
 0.998623 0.000498 0.000498 0.000381
 0.000381 0.701645 0.000498 0.297476
 0.000381 0.000498 0.998739 0.000381
 0.059794 0.238180 0.701645 0.000381
 0.998623 0.000498 0.000498 0.000381
 0.000381 0.951215 0.000498 0.047905
 0.000381 0.998739 0.000498 0.000381
 0.998623 0.000498 0.000498 0.000381
 0.238064 0.642232 0.059910 0.059794
 0.059794 0.000498 0.357005 0.582703
 0.000381 0.000498 0.000498 0.998623

MOTIF 9-AACTCGCAGTGTC STREME-9
letter-probability matrix: alength= 4 w= 13 nsites= 7 E= 1.0e+001
 0.928809 0.025736 0.025736 0.019718
 0.928809 0.025736 0.025736 0.019718
 0.019718 0.934827 0.025736 0.019718
 0.019718 0.025736 0.025736 0.928809
 0.019718 0.934827 0.025736 0.019718
 0.019718 0.025736 0.934827 0.019718
 0.019718 0.934827 0.025736 0.019718
 0.928809 0.025736 0.025736 0.019718
 0.019718 0.025736 0.934827 0.019718
 0.019718 0.025736 0.025736 0.928809
 0.019718 0.025736 0.934827 0.019718
 0.019718 0.025736 0.025736 0.928809
 0.019718 0.934827 0.025736 0.019718

MOTIF 10-CAGTTGTCCGCCCTG STREME-10
letter-probability matrix: alength= 4 w= 15 nsites= 5 E= 1.0e+001
 0.001277 0.995781 0.001666 0.001277
 0.995391 0.001666 0.001666 0.001277
 0.001277 0.001666 0.995781 0.001277
 0.001277 0.001666 0.001666 0.995391
 0.001277 0.200468 0.001666 0.796590
 0.001277 0.001666 0.995781 0.001277
 0.001277 0.001666 0.001666 0.995391
 0.001277 0.995781 0.001666 0.001277
 0.001277 0.995781 0.001666 0.001277
 0.001277 0.001666 0.995781 0.001277
 0.001277 0.995781 0.001666 0.001277
 0.200078 0.796979 0.001666 0.001277
 0.001277 0.995781 0.001666 0.001277
 0.001277 0.200468 0.001666 0.796590
 0.001277 0.001666 0.995781 0.001277

********************************************************************************
Stopped because 3 consecutive motifs exceeded the p-value threshold (0.05).
********************************************************************************
COMMAND:	streme --dna --p data/STREME_Inputs/SQK-NBD114-24_barcode17_4_gene_pos.fasta --n data/STREME_Inputs/SQK-NBD114-24_barcode17_4_control.fasta --oc data/STREME_Outputs/SQK-NBD114-24_barcode17_4_gene
********************************************************************************
CPU:		node116
********************************************************************************
FINALTIME:	318.58 seconds
********************************************************************************
