********************************************************************************
STREME - Sensitive, Thorough, Rapid, Enriched Motif Elicitation
********************************************************************************
MEME version 5.5.8 (Release date: Thu May 15 15:01:46 2025 -0700)

For further information on how to interpret these results please access https://meme-suite.org/meme.
To get a copy of the MEME Suite software please access https://meme-suite.org.

********************************************************************************


********************************************************************************
REFERENCE
********************************************************************************
If you use this program in your research, please cite:

Timothy L. Bailey,
"STREME: accurate and versatile sequence motif discovery",
Bioinformatics, Mar. 24, 2021.
********************************************************************************


ALPHABET= ACGT

strands: + -

Background letter frequencies
A 0.227 C 0.274 G 0.274 T 0.227 

MOTIF 1-CCAGGVNDNN STREME-1
letter-probability matrix: alength= 4 w= 10 nsites= 1423 E= 1.6e-142
 0.021444 0.954371 0.008081 0.016105
 0.014274 0.972271 0.009327 0.004127
 0.806819 0.000007 0.005448 0.187727
 0.000006 0.000007 0.999982 0.000006
 0.000006 0.000007 0.999982 0.000006
 0.367641 0.225178 0.247552 0.159629
 0.252736 0.223688 0.322523 0.201053
 0.309714 0.144026 0.308473 0.237787
 0.237108 0.305390 0.228746 0.228757
 0.273526 0.262702 0.233727 0.230046

MOTIF 2-NNNNNGAWTCNNNNN STREME-2
letter-probability matrix: alength= 4 w= 15 nsites= 1147 E= 2.6e-097
 0.269999 0.232546 0.293550 0.203905
 0.314624 0.192422 0.260564 0.232390
 0.273536 0.308455 0.190837 0.227171
 0.218620 0.292477 0.285556 0.203347
 0.226184 0.240781 0.317259 0.215776
 0.000006 0.000008 0.999980 0.000006
 0.999978 0.000008 0.000008 0.000006
 0.350158 0.149842 0.149842 0.350158
 0.000006 0.000008 0.000008 0.999978
 0.000006 0.999980 0.000008 0.000006
 0.215776 0.317259 0.240781 0.226184
 0.203347 0.285556 0.292477 0.218620
 0.227171 0.190837 0.308455 0.273536
 0.232390 0.260564 0.192422 0.314624
 0.203905 0.293550 0.232546 0.269999

MOTIF 3-GAGRNNNNVATGA STREME-3
letter-probability matrix: alength= 4 w= 13 nsites= 297 E= 8.3e-050
 0.000029 0.000035 0.999907 0.000029
 0.999902 0.000035 0.000035 0.000029
 0.000029 0.000035 0.999907 0.000029
 0.245481 0.218025 0.483524 0.052970
 0.297000 0.250990 0.206310 0.245700
 0.196638 0.277705 0.185264 0.340392
 0.316495 0.239443 0.273971 0.170090
 0.256135 0.256555 0.214913 0.272397
 0.202496 0.300320 0.337611 0.159573
 0.716892 0.000035 0.283044 0.000029
 0.000029 0.000035 0.000035 0.999902
 0.000029 0.000035 0.999907 0.000029
 0.999902 0.000035 0.000035 0.000029

MOTIF 4-CCAGHDVMYSGTCR STREME-4
letter-probability matrix: alength= 4 w= 14 nsites= 69 E= 3.3e-014
 0.000115 0.999632 0.000139 0.000115
 0.000115 0.999632 0.000139 0.000115
 0.999608 0.000139 0.000139 0.000115
 0.000115 0.000139 0.999632 0.000115
 0.252253 0.353913 0.000139 0.393695
 0.407461 0.000139 0.239860 0.352540
 0.430861 0.311304 0.257720 0.000115
 0.531137 0.311301 0.000139 0.157423
 0.139556 0.402048 0.139580 0.318816
 0.000115 0.429453 0.398597 0.171835
 0.000115 0.000139 0.999632 0.000115
 0.000115 0.000139 0.000139 0.999608
 0.000115 0.999632 0.000139 0.000115
 0.466584 0.071580 0.286559 0.175278

MOTIF 5-AGACCAAGGTCTGG STREME-5
letter-probability matrix: alength= 4 w= 14 nsites= 14 E= 2.4e-001
 0.929682 0.024864 0.024864 0.020591
 0.020591 0.024864 0.933955 0.020591
 0.929682 0.024864 0.024864 0.020591
 0.020591 0.933955 0.024864 0.020591
 0.020591 0.933955 0.024864 0.020591
 0.929682 0.024864 0.024864 0.020591
 0.929682 0.024864 0.024864 0.020591
 0.020591 0.024864 0.933955 0.020591
 0.020591 0.024864 0.933955 0.020591
 0.020591 0.024864 0.024864 0.929682
 0.020591 0.933955 0.024864 0.020591
 0.020591 0.024864 0.024864 0.929682
 0.020591 0.024864 0.933955 0.020591
 0.020591 0.024864 0.933955 0.020591

MOTIF 6-CCAGAASRAAGTCA STREME-6
letter-probability matrix: alength= 4 w= 14 nsites= 7 E= 8.0e+000
 0.000957 0.996932 0.001155 0.000957
 0.000957 0.996932 0.001155 0.000957
 0.996733 0.001155 0.001155 0.000957
 0.000957 0.001155 0.996932 0.000957
 0.996733 0.001155 0.001155 0.000957
 0.848035 0.149853 0.001155 0.000957
 0.000957 0.447265 0.402124 0.149655
 0.401926 0.001155 0.595963 0.000957
 0.893176 0.001155 0.001155 0.104514
 0.848035 0.149853 0.001155 0.000957
 0.000957 0.001155 0.996932 0.000957
 0.000957 0.001155 0.001155 0.996733
 0.000957 0.996932 0.001155 0.000957
 0.996733 0.001155 0.001155 0.000957

MOTIF 7-CCAGACGCATGTC STREME-7
letter-probability matrix: alength= 4 w= 13 nsites= 5 E= 8.0e+000
 0.001330 0.995733 0.001606 0.001330
 0.001330 0.995733 0.001606 0.001330
 0.995457 0.001606 0.001606 0.001330
 0.001330 0.001606 0.995733 0.001330
 0.581882 0.208394 0.001606 0.208118
 0.001330 0.995733 0.001606 0.001330
 0.168285 0.001606 0.828778 0.001330
 0.001330 0.828778 0.001606 0.168285
 0.995457 0.001606 0.001606 0.001330
 0.208118 0.001606 0.001606 0.788670
 0.001330 0.001606 0.995733 0.001330
 0.001330 0.001606 0.001606 0.995457
 0.001330 0.995733 0.001606 0.001330

MOTIF 8-GCCAGGTTCAAMWT STREME-8
letter-probability matrix: alength= 4 w= 14 nsites= 4 E= 8.0e+000
 0.001597 0.001928 0.994878 0.001597
 0.001597 0.994878 0.001928 0.001597
 0.001597 0.994878 0.001928 0.001597
 0.994547 0.001928 0.001928 0.001597
 0.001597 0.001928 0.994878 0.001597
 0.001597 0.001928 0.994878 0.001597
 0.001597 0.001928 0.001928 0.994547
 0.001597 0.001928 0.001928 0.994547
 0.001597 0.994878 0.001928 0.001597
 0.994547 0.001928 0.001928 0.001597
 0.994547 0.001928 0.001928 0.001597
 0.498072 0.498403 0.001928 0.001597
 0.498072 0.001928 0.001928 0.498072
 0.001597 0.001928 0.001928 0.994547

********************************************************************************
Stopped because 3 consecutive motifs exceeded the p-value threshold (0.05).
********************************************************************************
COMMAND:	streme --dna --p data/STREME_Inputs/SQK-NBD114-24_barcode16_10_intergenic_pos.fasta --n data/STREME_Inputs/SQK-NBD114-24_barcode16_10_control.fasta --oc data/STREME_Outputs/SQK-NBD114-24_barcode16_10_intergenic
********************************************************************************
CPU:		node152
********************************************************************************
FINALTIME:	368.44 seconds
********************************************************************************
