********************************************************************************
STREME - Sensitive, Thorough, Rapid, Enriched Motif Elicitation
********************************************************************************
MEME version 5.5.8 (Release date: Thu May 15 15:01:46 2025 -0700)

For further information on how to interpret these results please access https://meme-suite.org/meme.
To get a copy of the MEME Suite software please access https://meme-suite.org.

********************************************************************************


********************************************************************************
REFERENCE
********************************************************************************
If you use this program in your research, please cite:

Timothy L. Bailey,
"STREME: accurate and versatile sequence motif discovery",
Bioinformatics, Mar. 24, 2021.
********************************************************************************


ALPHABET= ACGT

strands: + -

Background letter frequencies
A 0.217 C 0.283 G 0.283 T 0.217 

MOTIF 1-NBGTSSACVN STREME-1
letter-probability matrix: alength= 4 w= 10 nsites= 2082 E= 2.4e-141
 0.252060 0.245024 0.199813 0.303103
 0.127859 0.359327 0.274599 0.238215
 0.000006 0.000007 0.999981 0.000006
 0.000006 0.000007 0.000007 0.999980
 0.001563 0.514096 0.484335 0.000006
 0.000006 0.484335 0.514096 0.001563
 0.999980 0.000007 0.000007 0.000006
 0.000006 0.999981 0.000007 0.000006
 0.238215 0.274599 0.359327 0.127859
 0.303103 0.199813 0.245024 0.252060

MOTIF 2-HGGCCCAGVNNNNBV STREME-2
letter-probability matrix: alength= 4 w= 15 nsites= 1318 E= 6.9e-138
 0.327144 0.254981 0.084352 0.333523
 0.000008 0.000010 0.997267 0.002716
 0.001813 0.000010 0.998170 0.000008
 0.000008 0.999975 0.000010 0.000008
 0.000008 0.999975 0.000010 0.000008
 0.000008 0.997854 0.002131 0.000008
 0.999973 0.000010 0.000010 0.000008
 0.000008 0.000010 0.999975 0.000008
 0.215899 0.238092 0.383699 0.162309
 0.278355 0.265782 0.242499 0.213365
 0.180973 0.326064 0.274196 0.218767
 0.199581 0.267015 0.333096 0.200308
 0.243451 0.263827 0.218226 0.274496
 0.126595 0.340996 0.338842 0.193567
 0.216846 0.253432 0.364826 0.164896

MOTIF 3-GATSNBSNBSRTGC STREME-3
letter-probability matrix: alength= 4 w= 14 nsites= 1556 E= 4.4e-120
 0.000006 0.000008 0.999979 0.000006
 0.999977 0.000008 0.000008 0.000006
 0.000006 0.000008 0.000008 0.999977
 0.168472 0.303808 0.383134 0.144585
 0.287403 0.228785 0.247343 0.236469
 0.167698 0.346142 0.251210 0.234950
 0.171484 0.319309 0.354145 0.155062
 0.224031 0.232141 0.295482 0.248345
 0.156724 0.386876 0.248470 0.207930
 0.188871 0.270481 0.423064 0.117584
 0.534518 0.000008 0.465467 0.000006
 0.000006 0.000008 0.000008 0.999977
 0.253085 0.000008 0.550048 0.196859
 0.000006 0.999979 0.000008 0.000006

MOTIF 4-NNNSNGGATCCNSNNN STREME-4
letter-probability matrix: alength= 4 w= 16 nsites= 1112 E= 5.4e-112
 0.226266 0.258205 0.289001 0.226528
 0.227603 0.279958 0.265591 0.226848
 0.216427 0.284586 0.242681 0.256306
 0.177758 0.437060 0.235111 0.150071
 0.185797 0.324609 0.201252 0.288342
 0.000009 0.000011 0.999971 0.000009
 0.000009 0.000011 0.999971 0.000009
 0.999969 0.000011 0.000011 0.000009
 0.000009 0.000011 0.000011 0.999969
 0.000009 0.999971 0.000011 0.000009
 0.000009 0.999971 0.000011 0.000009
 0.288342 0.201252 0.324609 0.185797
 0.150071 0.235111 0.437060 0.177758
 0.256306 0.242681 0.284586 0.216427
 0.226848 0.265591 0.279958 0.227603
 0.226528 0.289001 0.258205 0.226266

MOTIF 5-AGAWHVNSVRTAAN STREME-5
letter-probability matrix: alength= 4 w= 14 nsites= 484 E= 4.7e-045
 0.999924 0.000027 0.000027 0.000021
 0.000021 0.000027 0.999930 0.000021
 0.999924 0.000027 0.000027 0.000021
 0.399177 0.116859 0.150900 0.333064
 0.204402 0.388167 0.151550 0.255881
 0.279993 0.267207 0.335672 0.117129
 0.210671 0.304844 0.195780 0.288705
 0.075274 0.489276 0.281657 0.153793
 0.276586 0.239691 0.394334 0.089389
 0.434298 0.000027 0.565653 0.000021
 0.000021 0.000027 0.000027 0.999924
 0.999924 0.000027 0.000027 0.000021
 0.995516 0.000027 0.000027 0.004429
 0.293009 0.294498 0.200101 0.212392

MOTIF 6-CGVCGACGTCGBCG STREME-6
letter-probability matrix: alength= 4 w= 14 nsites= 469 E= 9.8e-037
 0.068949 0.530356 0.259667 0.141028
 0.227953 0.149125 0.610129 0.012793
 0.275522 0.380815 0.197605 0.146057
 0.039582 0.724777 0.235621 0.000020
 0.204591 0.040848 0.754542 0.000020
 0.999928 0.000026 0.000026 0.000020
 0.000020 0.999934 0.000026 0.000020
 0.000020 0.000026 0.999934 0.000020
 0.000020 0.000026 0.000026 0.999928
 0.000020 0.754542 0.040848 0.204591
 0.000020 0.235621 0.724777 0.039582
 0.146057 0.197605 0.380815 0.275522
 0.012793 0.610129 0.149125 0.227953
 0.141028 0.259667 0.530356 0.068949

MOTIF 7-GAAVNBSNNBHGTC STREME-7
letter-probability matrix: alength= 4 w= 14 nsites= 212 E= 7.8e-009
 0.000054 0.000071 0.999821 0.000054
 0.999805 0.000071 0.000071 0.000054
 0.999805 0.000071 0.000071 0.000054
 0.231384 0.360235 0.231869 0.176511
 0.241297 0.267695 0.239465 0.251543
 0.000054 0.374532 0.383350 0.242063
 0.000054 0.403421 0.596471 0.000054
 0.216261 0.335538 0.218800 0.229401
 0.294953 0.159020 0.315246 0.230781
 0.125580 0.268034 0.326155 0.280231
 0.227388 0.369618 0.013048 0.389945
 0.000054 0.000071 0.999821 0.000054
 0.000054 0.000071 0.000071 0.999805
 0.000054 0.999821 0.000071 0.000054

MOTIF 8-CTGGACGTTGCC STREME-8
letter-probability matrix: alength= 4 w= 12 nsites= 10 E= 7.4e-001
 0.001003 0.996684 0.001309 0.001003
 0.001003 0.121559 0.001309 0.876128
 0.001003 0.001309 0.996684 0.001003
 0.001003 0.001309 0.996684 0.001003
 0.996378 0.001309 0.001309 0.001003
 0.001003 0.996684 0.001309 0.001003
 0.001003 0.001309 0.996684 0.001003
 0.001003 0.001309 0.001309 0.996378
 0.001003 0.001309 0.121559 0.876128
 0.001003 0.001309 0.996684 0.001003
 0.001003 0.876434 0.121559 0.001003
 0.001003 0.996684 0.001309 0.001003

MOTIF 9-SGACGTCGGA STREME-9
letter-probability matrix: alength= 4 w= 10 nsites= 17 E= 2.1e+000
 0.000525 0.606437 0.392513 0.000525
 0.000525 0.252398 0.746552 0.000525
 0.998105 0.000685 0.000685 0.000525
 0.000525 0.998265 0.000685 0.000525
 0.000525 0.000685 0.998265 0.000525
 0.000525 0.000685 0.000685 0.998105
 0.000525 0.998265 0.000685 0.000525
 0.000525 0.047749 0.951201 0.000525
 0.000525 0.000685 0.998265 0.000525
 0.935181 0.000685 0.063609 0.000525

MOTIF 10-GCTGGACGTCCG STREME-10
letter-probability matrix: alength= 4 w= 12 nsites= 8 E= 1.0e+001
 0.019718 0.025736 0.934827 0.019718
 0.019718 0.934827 0.025736 0.019718
 0.019718 0.025736 0.025736 0.928809
 0.019718 0.025736 0.934827 0.019718
 0.019718 0.025736 0.934827 0.019718
 0.928809 0.025736 0.025736 0.019718
 0.019718 0.934827 0.025736 0.019718
 0.019718 0.025736 0.934827 0.019718
 0.019718 0.025736 0.025736 0.928809
 0.019718 0.934827 0.025736 0.019718
 0.019718 0.934827 0.025736 0.019718
 0.019718 0.025736 0.934827 0.019718

********************************************************************************
Stopped because 3 consecutive motifs exceeded the p-value threshold (0.05).
********************************************************************************
COMMAND:	streme --dna --p data/STREME_Inputs/SQK-NBD114-24_barcode13_1_gene_pos.fasta --n data/STREME_Inputs/SQK-NBD114-24_barcode13_1_control.fasta --oc data/STREME_Outputs/SQK-NBD114-24_barcode13_1_gene
********************************************************************************
CPU:		node133
********************************************************************************
FINALTIME:	372.58 seconds
********************************************************************************
