********************************************************************************
STREME - Sensitive, Thorough, Rapid, Enriched Motif Elicitation
********************************************************************************
MEME version 5.5.8 (Release date: Thu May 15 15:01:46 2025 -0700)

For further information on how to interpret these results please access https://meme-suite.org/meme.
To get a copy of the MEME Suite software please access https://meme-suite.org.

********************************************************************************


********************************************************************************
REFERENCE
********************************************************************************
If you use this program in your research, please cite:

Timothy L. Bailey,
"STREME: accurate and versatile sequence motif discovery",
Bioinformatics, Mar. 24, 2021.
********************************************************************************


ALPHABET= ACGT

strands: + -

Background letter frequencies
A 0.217 C 0.283 G 0.283 T 0.217 

MOTIF 1-NBGTSSACVN STREME-1
letter-probability matrix: alength= 4 w= 10 nsites= 1529 E= 3.8e-114
 0.267291 0.229038 0.192281 0.311390
 0.121731 0.380155 0.264955 0.233159
 0.004831 0.001150 0.994012 0.000008
 0.011953 0.006990 0.000864 0.980192
 0.001345 0.513542 0.485106 0.000008
 0.000008 0.485106 0.513542 0.001345
 0.980192 0.000864 0.006990 0.011953
 0.000008 0.994012 0.001150 0.004831
 0.233159 0.264955 0.380155 0.121731
 0.311390 0.192281 0.229038 0.267291

MOTIF 2-NNNSNGGATCCNSNNN STREME-2
letter-probability matrix: alength= 4 w= 16 nsites= 799 E= 1.6e-090
 0.239861 0.183850 0.307300 0.268989
 0.225958 0.306987 0.255498 0.211556
 0.224465 0.271220 0.252131 0.252184
 0.190132 0.437588 0.227701 0.144578
 0.185962 0.319372 0.197120 0.297546
 0.000011 0.000014 0.999964 0.000011
 0.000011 0.000014 0.999964 0.000011
 0.999961 0.000014 0.000014 0.000011
 0.000011 0.000014 0.000014 0.999961
 0.000011 0.999964 0.000014 0.000011
 0.000011 0.999964 0.000014 0.000011
 0.297546 0.197120 0.319372 0.185962
 0.144578 0.227701 0.437588 0.190132
 0.252184 0.252131 0.271220 0.224465
 0.211556 0.255498 0.306987 0.225958
 0.268989 0.307300 0.183850 0.239861

MOTIF 3-CHGGCCCAGNNNNNB STREME-3
letter-probability matrix: alength= 4 w= 15 nsites= 979 E= 3.9e-090
 0.178825 0.494964 0.180209 0.146003
 0.338607 0.250114 0.073875 0.337403
 0.000009 0.000012 0.997557 0.002422
 0.000009 0.000012 0.999970 0.000009
 0.000009 0.999970 0.000012 0.000009
 0.000009 0.999970 0.000012 0.000009
 0.000009 0.999970 0.000012 0.000009
 0.999967 0.000012 0.000012 0.000009
 0.000009 0.000012 0.999970 0.000009
 0.201333 0.251886 0.364057 0.182724
 0.267859 0.267401 0.235029 0.229711
 0.187018 0.335650 0.269393 0.207939
 0.226398 0.284984 0.290723 0.197895
 0.249162 0.243406 0.224463 0.282968
 0.123884 0.334338 0.351045 0.190732

MOTIF 4-GATSNBSNBSRTGC STREME-4
letter-probability matrix: alength= 4 w= 14 nsites= 755 E= 9.0e-061
 0.000012 0.000015 0.999961 0.000012
 0.999958 0.000015 0.000015 0.000012
 0.000012 0.000015 0.000015 0.999958
 0.184195 0.306735 0.389269 0.119800
 0.282974 0.224608 0.270826 0.221592
 0.167857 0.371118 0.233802 0.227223
 0.163783 0.297824 0.390986 0.147407
 0.252391 0.222932 0.286061 0.238616
 0.145702 0.348313 0.251379 0.254606
 0.209600 0.259062 0.431764 0.099574
 0.582684 0.000015 0.417289 0.000012
 0.000012 0.000015 0.000015 0.999958
 0.093390 0.000015 0.847968 0.058627
 0.000012 0.999961 0.000015 0.000012

MOTIF 5-AGAWHVNSVRTAA STREME-5
letter-probability matrix: alength= 4 w= 13 nsites= 392 E= 8.3e-041
 0.999917 0.000030 0.000030 0.000023
 0.000023 0.000030 0.999924 0.000023
 0.999917 0.000030 0.000030 0.000023
 0.394410 0.138707 0.146573 0.320310
 0.209858 0.404203 0.153602 0.232337
 0.275412 0.266390 0.340366 0.117832
 0.223851 0.308708 0.177963 0.289478
 0.119356 0.436042 0.289384 0.155218
 0.287310 0.233324 0.384613 0.094753
 0.450668 0.000030 0.549279 0.000023
 0.000023 0.000030 0.000030 0.999917
 0.999917 0.000030 0.000030 0.000023
 0.999917 0.000030 0.000030 0.000023

MOTIF 6-SGWAYBSNNNNNRTC STREME-6
letter-probability matrix: alength= 4 w= 15 nsites= 595 E= 6.5e-036
 0.000015 0.386140 0.613830 0.000015
 0.000015 0.000019 0.999952 0.000015
 0.648722 0.000019 0.000019 0.351240
 0.999947 0.000019 0.000019 0.000015
 0.109249 0.389725 0.087176 0.413851
 0.178438 0.372176 0.251499 0.197887
 0.152113 0.294333 0.378494 0.175059
 0.218561 0.292484 0.309592 0.179363
 0.175263 0.319713 0.299771 0.205253
 0.217504 0.245691 0.329224 0.207580
 0.168082 0.264224 0.266964 0.300731
 0.168194 0.300810 0.298509 0.232487
 0.613826 0.000019 0.384204 0.001951
 0.000015 0.000019 0.000019 0.999947
 0.000015 0.999952 0.000019 0.000015

MOTIF 7-YGVCGACGTCGBCR STREME-7
letter-probability matrix: alength= 4 w= 14 nsites= 367 E= 4.5e-034
 0.112062 0.443605 0.219549 0.224784
 0.219221 0.151728 0.612214 0.016836
 0.260359 0.391118 0.217172 0.131350
 0.037616 0.748972 0.213388 0.000024
 0.198631 0.048948 0.752397 0.000024
 0.999913 0.000031 0.000031 0.000024
 0.000024 0.999920 0.000031 0.000024
 0.000024 0.000031 0.999920 0.000024
 0.000024 0.000031 0.000031 0.999913
 0.000024 0.752397 0.048948 0.198631
 0.000024 0.213388 0.748972 0.037616
 0.131350 0.217172 0.391118 0.260359
 0.016836 0.612214 0.151728 0.219221
 0.224784 0.219549 0.443605 0.112062

MOTIF 8-GGACGTCC STREME-8
letter-probability matrix: alength= 4 w= 8 nsites= 15 E= 3.2e-001
 0.019736 0.025718 0.934809 0.019736
 0.019736 0.025718 0.934809 0.019736
 0.928827 0.025718 0.025718 0.019736
 0.019736 0.934809 0.025718 0.019736
 0.019736 0.025718 0.934809 0.019736
 0.019736 0.025718 0.025718 0.928827
 0.019736 0.934809 0.025718 0.019736
 0.019736 0.934809 0.025718 0.019736

MOTIF 9-ATCACTCCAGATGC STREME-9
letter-probability matrix: alength= 4 w= 14 nsites= 9 E= 1.2e+000
 0.928827 0.025718 0.025718 0.019736
 0.019736 0.025718 0.025718 0.928827
 0.019736 0.934809 0.025718 0.019736
 0.928827 0.025718 0.025718 0.019736
 0.019736 0.934809 0.025718 0.019736
 0.019736 0.025718 0.025718 0.928827
 0.019736 0.934809 0.025718 0.019736
 0.019736 0.934809 0.025718 0.019736
 0.928827 0.025718 0.025718 0.019736
 0.019736 0.025718 0.934809 0.019736
 0.928827 0.025718 0.025718 0.019736
 0.019736 0.025718 0.025718 0.928827
 0.019736 0.025718 0.934809 0.019736
 0.019736 0.934809 0.025718 0.019736

MOTIF 10-CGTCCGCTGCACTGA STREME-10
letter-probability matrix: alength= 4 w= 15 nsites= 8 E= 1.1e+001
 0.019736 0.934809 0.025718 0.019736
 0.019736 0.025718 0.934809 0.019736
 0.019736 0.025718 0.025718 0.928827
 0.019736 0.934809 0.025718 0.019736
 0.019736 0.934809 0.025718 0.019736
 0.019736 0.025718 0.934809 0.019736
 0.019736 0.934809 0.025718 0.019736
 0.019736 0.025718 0.025718 0.928827
 0.019736 0.025718 0.934809 0.019736
 0.019736 0.934809 0.025718 0.019736
 0.928827 0.025718 0.025718 0.019736
 0.019736 0.934809 0.025718 0.019736
 0.019736 0.025718 0.025718 0.928827
 0.019736 0.025718 0.934809 0.019736
 0.928827 0.025718 0.025718 0.019736

MOTIF 11-WACTTGGTCC STREME-11
letter-probability matrix: alength= 4 w= 10 nsites= 7 E= 1.1e+001
 0.386693 0.001502 0.001502 0.610302
 0.995842 0.001502 0.001502 0.001153
 0.001153 0.996192 0.001502 0.001153
 0.001153 0.001502 0.001502 0.995842
 0.001153 0.001502 0.001502 0.995842
 0.001153 0.001502 0.996192 0.001153
 0.001153 0.001502 0.996192 0.001153
 0.001153 0.001502 0.001502 0.995842
 0.001153 0.996192 0.001502 0.001153
 0.001153 0.996192 0.001502 0.001153

********************************************************************************
Stopped because 3 consecutive motifs exceeded the p-value threshold (0.05).
********************************************************************************
COMMAND:	streme --dna --p data/STREME_Inputs/SQK-NBD114-24_barcode15_1_gene_pos.fasta --n data/STREME_Inputs/SQK-NBD114-24_barcode15_1_control.fasta --oc data/STREME_Outputs/SQK-NBD114-24_barcode15_1_gene
********************************************************************************
CPU:		node073
********************************************************************************
FINALTIME:	372.09 seconds
********************************************************************************
