********************************************************************************
STREME - Sensitive, Thorough, Rapid, Enriched Motif Elicitation
********************************************************************************
MEME version 5.5.8 (Release date: Thu May 15 15:01:46 2025 -0700)

For further information on how to interpret these results please access https://meme-suite.org/meme.
To get a copy of the MEME Suite software please access https://meme-suite.org.

********************************************************************************


********************************************************************************
REFERENCE
********************************************************************************
If you use this program in your research, please cite:

Timothy L. Bailey,
"STREME: accurate and versatile sequence motif discovery",
Bioinformatics, Mar. 24, 2021.
********************************************************************************


ALPHABET= ACGT

strands: + -

Background letter frequencies
A 0.276 C 0.224 G 0.224 T 0.276 

MOTIF 1-WWTTGATCTYNNHND STREME-1
letter-probability matrix: alength= 4 w= 15 nsites= 2965 E= 2.0e-307
 0.273115 0.178396 0.133157 0.415331
 0.409542 0.128101 0.194767 0.267590
 0.168665 0.209918 0.192066 0.429350
 0.115187 0.159679 0.105949 0.619186
 0.000004 0.000003 0.999560 0.000433
 0.996986 0.002149 0.000432 0.000433
 0.002434 0.008776 0.000003 0.988787
 0.007665 0.988895 0.003436 0.000004
 0.202115 0.185005 0.176299 0.436582
 0.179416 0.217633 0.183489 0.419462
 0.243066 0.215938 0.285047 0.255949
 0.330538 0.211427 0.193523 0.264512
 0.318869 0.224718 0.140660 0.315753
 0.331728 0.193986 0.191865 0.282421
 0.294320 0.136866 0.233634 0.335179

MOTIF 2-NNNNNCCWGGNNNNN STREME-2
letter-probability matrix: alength= 4 w= 15 nsites= 833 E= 1.5e-060
 0.294727 0.230097 0.175839 0.299337
 0.304959 0.185592 0.192219 0.317229
 0.283822 0.212999 0.206121 0.297058
 0.305874 0.220600 0.166865 0.306661
 0.289656 0.174472 0.335268 0.200604
 0.000012 0.999966 0.000010 0.000012
 0.000012 0.999966 0.000010 0.000012
 0.499990 0.000010 0.000010 0.499990
 0.000012 0.000010 0.999966 0.000012
 0.000012 0.000010 0.999966 0.000012
 0.200604 0.335268 0.174472 0.289656
 0.306661 0.166865 0.220600 0.305874
 0.297058 0.206121 0.212999 0.283822
 0.317229 0.192219 0.185592 0.304959
 0.299337 0.175839 0.230097 0.294727

MOTIF 3-GACDWHNHHGAT STREME-3
letter-probability matrix: alength= 4 w= 12 nsites= 363 E= 7.2e-032
 0.000029 0.000024 0.999918 0.000029
 0.999923 0.000024 0.000024 0.000029
 0.000029 0.999918 0.000024 0.000029
 0.412984 0.118068 0.218654 0.250293
 0.428027 0.160571 0.139923 0.271478
 0.247414 0.275574 0.133066 0.343946
 0.320841 0.179238 0.265306 0.234615
 0.247917 0.232062 0.153686 0.366335
 0.212330 0.277177 0.154963 0.355530
 0.000029 0.000024 0.999918 0.000029
 0.999923 0.000024 0.000024 0.000029
 0.000029 0.000024 0.000024 0.999923

MOTIF 4-NCYAAYWNNDCTTT STREME-4
letter-probability matrix: alength= 4 w= 14 nsites= 302 E= 2.6e-028
 0.238977 0.154329 0.303313 0.303381
 0.000036 0.999900 0.000029 0.000036
 0.000036 0.390114 0.000029 0.609821
 0.999907 0.000029 0.000029 0.000036
 0.999907 0.000029 0.000029 0.000036
 0.000036 0.417425 0.000029 0.582511
 0.379392 0.120844 0.188843 0.310921
 0.298556 0.318125 0.180705 0.202614
 0.249816 0.224482 0.212049 0.313653
 0.230820 0.158917 0.328846 0.281416
 0.000036 0.999900 0.000029 0.000036
 0.000036 0.000029 0.000029 0.999907
 0.000036 0.000029 0.000029 0.999907
 0.154799 0.215228 0.167338 0.462634

MOTIF 5-NNNRCTCGAGYNNN STREME-5
letter-probability matrix: alength= 4 w= 14 nsites= 91 E= 5.9e-007
 0.243839 0.291666 0.226934 0.237561
 0.280416 0.209057 0.214171 0.296355
 0.285749 0.205657 0.205537 0.303057
 0.346187 0.170588 0.330199 0.153026
 0.000112 0.999684 0.000091 0.000112
 0.000112 0.000091 0.000091 0.999706
 0.000112 0.999684 0.000091 0.000112
 0.000112 0.000091 0.999684 0.000112
 0.999706 0.000091 0.000091 0.000112
 0.000112 0.000091 0.999684 0.000112
 0.153026 0.330199 0.170588 0.346187
 0.303057 0.205537 0.205657 0.285749
 0.296355 0.214171 0.209057 0.280416
 0.237561 0.226934 0.291666 0.243839

MOTIF 6-ATTCCCACAAC STREME-6
letter-probability matrix: alength= 4 w= 11 nsites= 8 E= 4.0e-001
 0.934209 0.020336 0.020336 0.025118
 0.025118 0.020336 0.020336 0.934209
 0.025118 0.020336 0.020336 0.934209
 0.025118 0.929427 0.020336 0.025118
 0.025118 0.929427 0.020336 0.025118
 0.025118 0.929427 0.020336 0.025118
 0.934209 0.020336 0.020336 0.025118
 0.025118 0.929427 0.020336 0.025118
 0.934209 0.020336 0.020336 0.025118
 0.934209 0.020336 0.020336 0.025118
 0.025118 0.929427 0.020336 0.025118

MOTIF 7-CMGCTTGATCGYTT STREME-7
letter-probability matrix: alength= 4 w= 14 nsites= 4 E= 9.0e+000
 0.002196 0.993830 0.001778 0.002196
 0.498222 0.497804 0.001778 0.002196
 0.002196 0.001778 0.993830 0.002196
 0.002196 0.993830 0.001778 0.002196
 0.002196 0.001778 0.001778 0.994248
 0.002196 0.001778 0.001778 0.994248
 0.002196 0.001778 0.993830 0.002196
 0.994248 0.001778 0.001778 0.002196
 0.002196 0.001778 0.001778 0.994248
 0.002196 0.993830 0.001778 0.002196
 0.002196 0.001778 0.993830 0.002196
 0.002196 0.497804 0.001778 0.498222
 0.002196 0.001778 0.001778 0.994248
 0.002196 0.001778 0.001778 0.994248

MOTIF 8-ACSGGAGGMAGS STREME-8
letter-probability matrix: alength= 4 w= 12 nsites= 5 E= 9.0e+000
 0.994626 0.001661 0.001661 0.002052
 0.002052 0.994235 0.001661 0.002052
 0.002052 0.530818 0.465079 0.002052
 0.002052 0.001661 0.994235 0.002052
 0.002052 0.001661 0.994235 0.002052
 0.994626 0.001661 0.001661 0.002052
 0.002052 0.001661 0.994235 0.002052
 0.002052 0.001661 0.994235 0.002052
 0.531208 0.465079 0.001661 0.002052
 0.994626 0.001661 0.001661 0.002052
 0.002052 0.001661 0.994235 0.002052
 0.002052 0.465079 0.530818 0.002052

MOTIF 9-ACGCGCYAGAT STREME-9
letter-probability matrix: alength= 4 w= 11 nsites= 4 E= 9.0e+000
 0.993714 0.001943 0.001943 0.002400
 0.002400 0.993257 0.001943 0.002400
 0.002400 0.001943 0.993257 0.002400
 0.002400 0.993257 0.001943 0.002400
 0.002400 0.001943 0.993257 0.002400
 0.002400 0.993257 0.001943 0.002400
 0.002400 0.451183 0.001943 0.544474
 0.993714 0.001943 0.001943 0.002400
 0.002400 0.001943 0.993257 0.002400
 0.993714 0.001943 0.001943 0.002400
 0.002400 0.001943 0.001943 0.993714

********************************************************************************
Stopped because 3 consecutive motifs exceeded the p-value threshold (0.05).
********************************************************************************
COMMAND:	streme --dna --p data/STREME_Inputs/SQK-NBD114-24_barcode17_3_intergenic_pos.fasta --n data/STREME_Inputs/SQK-NBD114-24_barcode17_3_control.fasta --oc data/STREME_Outputs/SQK-NBD114-24_barcode17_3_intergenic
********************************************************************************
CPU:		node149
********************************************************************************
FINALTIME:	278.29 seconds
********************************************************************************
