********************************************************************************
STREME - Sensitive, Thorough, Rapid, Enriched Motif Elicitation
********************************************************************************
MEME version 5.5.8 (Release date: Thu May 15 15:01:46 2025 -0700)

For further information on how to interpret these results please access https://meme-suite.org/meme.
To get a copy of the MEME Suite software please access https://meme-suite.org.

********************************************************************************


********************************************************************************
REFERENCE
********************************************************************************
If you use this program in your research, please cite:

Timothy L. Bailey,
"STREME: accurate and versatile sequence motif discovery",
Bioinformatics, Mar. 24, 2021.
********************************************************************************


ALPHABET= ACGT

strands: + -

Background letter frequencies
A 0.177 C 0.323 G 0.323 T 0.177 

MOTIF 1-NNNSSGANTCSSNNN STREME-1
letter-probability matrix: alength= 4 w= 15 nsites= 692 E= 3.9e-101
 0.208806 0.271826 0.313673 0.205695
 0.214222 0.261197 0.348209 0.176371
 0.217528 0.318656 0.281085 0.182732
 0.182253 0.272897 0.369450 0.175400
 0.112404 0.458141 0.318402 0.111053
 0.000006 0.000012 0.999976 0.000006
 0.999971 0.000012 0.000012 0.000006
 0.315288 0.184712 0.184712 0.315288
 0.000006 0.000012 0.000012 0.999971
 0.000006 0.999976 0.000012 0.000006
 0.111053 0.318402 0.458141 0.112404
 0.175400 0.369450 0.272897 0.182253
 0.182732 0.281085 0.318656 0.217528
 0.176371 0.348209 0.261197 0.214222
 0.205695 0.313673 0.271826 0.208806

MOTIF 2-MGGAVDKSVNTTCGN STREME-2
letter-probability matrix: alength= 4 w= 15 nsites= 188 E= 1.4e-023
 0.283359 0.409794 0.136311 0.170536
 0.000030 0.000055 0.999884 0.000030
 0.000030 0.000055 0.999884 0.000030
 0.999859 0.000055 0.000055 0.000030
 0.353959 0.331914 0.237407 0.076720
 0.390079 0.074876 0.315968 0.219078
 0.129003 0.172431 0.423181 0.275386
 0.071808 0.438426 0.276102 0.213665
 0.197517 0.386344 0.270696 0.145443
 0.248403 0.200601 0.232009 0.318987
 0.000030 0.000055 0.000055 0.999859
 0.000030 0.000055 0.000055 0.999859
 0.000030 0.694991 0.000055 0.304923
 0.000030 0.000055 0.999884 0.000030
 0.219572 0.271179 0.300711 0.208538

MOTIF 3-STYGTCGACSGSRWG STREME-3
letter-probability matrix: alength= 4 w= 15 nsites= 35 E= 5.9e-002
 0.134120 0.470419 0.304159 0.091301
 0.000116 0.030603 0.182581 0.786700
 0.000116 0.465930 0.203987 0.329968
 0.000116 0.000210 0.999558 0.000116
 0.000116 0.000210 0.000210 0.999464
 0.000116 0.999558 0.000210 0.000116
 0.060901 0.000210 0.938773 0.000116
 0.999464 0.000210 0.000210 0.000116
 0.000116 0.999558 0.000210 0.000116
 0.091301 0.583011 0.325573 0.000116
 0.194913 0.091396 0.566095 0.147597
 0.086811 0.474917 0.438156 0.000116
 0.295085 0.121788 0.500812 0.082314
 0.329968 0.060996 0.091396 0.517641
 0.060901 0.117291 0.587515 0.234292

MOTIF 4-AGTCGACCGGTR STREME-4
letter-probability matrix: alength= 4 w= 12 nsites= 6 E= 1.3e-001
 0.995994 0.001571 0.001571 0.000864
 0.000864 0.001571 0.996701 0.000864
 0.000864 0.001571 0.001571 0.995994
 0.000864 0.996701 0.001571 0.000864
 0.000864 0.001571 0.996701 0.000864
 0.995994 0.001571 0.001571 0.000864
 0.000864 0.996701 0.001571 0.000864
 0.000864 0.769754 0.228518 0.000864
 0.000864 0.194993 0.803279 0.000864
 0.174770 0.001571 0.822795 0.000864
 0.194286 0.175478 0.175478 0.454759
 0.595140 0.001571 0.402425 0.000864

MOTIF 5-ATGTCGACYKKGTCK STREME-5
letter-probability matrix: alength= 4 w= 15 nsites= 3 E= 7.0e+000
 0.994158 0.002291 0.002291 0.001260
 0.001260 0.002291 0.002291 0.994158
 0.001260 0.002291 0.995189 0.001260
 0.001260 0.002291 0.002291 0.994158
 0.001260 0.995189 0.002291 0.001260
 0.001260 0.002291 0.995189 0.001260
 0.994158 0.002291 0.002291 0.001260
 0.001260 0.995189 0.002291 0.001260
 0.001260 0.664223 0.002291 0.332226
 0.001260 0.002291 0.664223 0.332226
 0.001260 0.002291 0.664223 0.332226
 0.001260 0.002291 0.995189 0.001260
 0.001260 0.002291 0.002291 0.994158
 0.001260 0.995189 0.002291 0.001260
 0.001260 0.002291 0.664223 0.332226

MOTIF 6-CRGCGGCGTCGACYT STREME-6
letter-probability matrix: alength= 4 w= 15 nsites= 2 E= 7.0e+000
 0.001883 0.992809 0.003425 0.001883
 0.496575 0.003425 0.498117 0.001883
 0.001883 0.003425 0.992809 0.001883
 0.001883 0.992809 0.003425 0.001883
 0.001883 0.003425 0.992809 0.001883
 0.001883 0.003425 0.992809 0.001883
 0.001883 0.992809 0.003425 0.001883
 0.001883 0.003425 0.992809 0.001883
 0.001883 0.003425 0.003425 0.991268
 0.001883 0.992809 0.003425 0.001883
 0.001883 0.003425 0.992809 0.001883
 0.991268 0.003425 0.003425 0.001883
 0.001883 0.992809 0.003425 0.001883
 0.001883 0.498117 0.003425 0.496575
 0.001883 0.003425 0.003425 0.991268

MOTIF 7-CGTCGACRAAKGT STREME-7
letter-probability matrix: alength= 4 w= 13 nsites= 2 E= 7.0e+000
 0.001883 0.992809 0.003425 0.001883
 0.001883 0.003425 0.992809 0.001883
 0.001883 0.003425 0.003425 0.991268
 0.001883 0.992809 0.003425 0.001883
 0.001883 0.003425 0.992809 0.001883
 0.991268 0.003425 0.003425 0.001883
 0.001883 0.992809 0.003425 0.001883
 0.496575 0.003425 0.498117 0.001883
 0.991268 0.003425 0.003425 0.001883
 0.991268 0.003425 0.003425 0.001883
 0.001883 0.003425 0.498117 0.496575
 0.001883 0.003425 0.992809 0.001883
 0.001883 0.003425 0.003425 0.991268

********************************************************************************
Stopped because 3 consecutive motifs exceeded the p-value threshold (0.05).
********************************************************************************
COMMAND:	streme --dna --p data/STREME_Inputs/SQK-NBD114-24_barcode16_1_intergenic_pos.fasta --n data/STREME_Inputs/SQK-NBD114-24_barcode16_1_control.fasta --oc data/STREME_Outputs/SQK-NBD114-24_barcode16_1_intergenic
********************************************************************************
CPU:		node149
********************************************************************************
FINALTIME:	215.87 seconds
********************************************************************************
