********************************************************************************
STREME - Sensitive, Thorough, Rapid, Enriched Motif Elicitation
********************************************************************************
MEME version 5.5.8 (Release date: Thu May 15 15:01:46 2025 -0700)

For further information on how to interpret these results please access https://meme-suite.org/meme.
To get a copy of the MEME Suite software please access https://meme-suite.org.

********************************************************************************


********************************************************************************
REFERENCE
********************************************************************************
If you use this program in your research, please cite:

Timothy L. Bailey,
"STREME: accurate and versatile sequence motif discovery",
Bioinformatics, Mar. 24, 2021.
********************************************************************************


ALPHABET= ACGT

strands: + -

Background letter frequencies
A 0.217 C 0.283 G 0.283 T 0.217 

MOTIF 1-NTTAYNSNNNNTCT STREME-1
letter-probability matrix: alength= 4 w= 14 nsites= 118 E= 5.4e-023
 0.292699 0.175577 0.208317 0.323407
 0.000045 0.000059 0.000059 0.999837
 0.000045 0.000059 0.000059 0.999837
 0.999837 0.000059 0.000059 0.000045
 0.000045 0.489111 0.000059 0.510785
 0.237798 0.251355 0.240686 0.270160
 0.154467 0.249909 0.459379 0.136244
 0.311765 0.230858 0.263593 0.193784
 0.295950 0.212028 0.280010 0.212012
 0.301465 0.249086 0.233130 0.216319
 0.261174 0.207487 0.223292 0.308047
 0.000045 0.000059 0.000059 0.999837
 0.000045 0.999851 0.000059 0.000045
 0.000045 0.000059 0.000059 0.999837

MOTIF 2-DVHGGATCCDBH STREME-2
letter-probability matrix: alength= 4 w= 12 nsites= 158 E= 1.0e-017
 0.197773 0.148339 0.343398 0.310489
 0.201596 0.399318 0.226731 0.172355
 0.204734 0.375551 0.112946 0.306769
 0.000032 0.000042 0.999893 0.000032
 0.003556 0.000042 0.989836 0.006565
 0.999883 0.000042 0.000042 0.000032
 0.000032 0.000042 0.000042 0.999883
 0.006565 0.989836 0.000042 0.003556
 0.000032 0.999893 0.000042 0.000032
 0.306769 0.112946 0.375551 0.204734
 0.172355 0.226731 0.399318 0.201596
 0.310489 0.343398 0.148339 0.197773

MOTIF 3-NNNNNGTSSACNNNNN STREME-3
letter-probability matrix: alength= 4 w= 16 nsites= 203 E= 1.5e-015
 0.292939 0.214565 0.193495 0.299001
 0.226502 0.276123 0.289990 0.207385
 0.209682 0.259412 0.353199 0.177707
 0.261299 0.262994 0.222160 0.253546
 0.165028 0.314964 0.262525 0.257483
 0.000025 0.000033 0.999916 0.000025
 0.000025 0.000033 0.000033 0.999908
 0.000025 0.524807 0.475142 0.000025
 0.000025 0.475142 0.524807 0.000025
 0.999908 0.000033 0.000033 0.000025
 0.000025 0.999916 0.000033 0.000025
 0.257483 0.262525 0.314964 0.165028
 0.253546 0.222160 0.262994 0.261299
 0.177707 0.353199 0.259412 0.209682
 0.207385 0.289990 0.276123 0.226502
 0.299001 0.193495 0.214565 0.292939

MOTIF 4-HGGCCCAGSNBK STREME-4
letter-probability matrix: alength= 4 w= 12 nsites= 89 E= 4.4e-009
 0.356423 0.272731 0.046903 0.323943
 0.011363 0.000079 0.952641 0.035916
 0.000061 0.000079 0.999799 0.000061
 0.000061 0.999799 0.000079 0.000061
 0.000061 0.999799 0.000079 0.000061
 0.000061 0.999799 0.000079 0.000061
 0.986545 0.000079 0.013314 0.000061
 0.000061 0.000079 0.988497 0.011363
 0.075605 0.393192 0.390549 0.140654
 0.254718 0.335562 0.236285 0.173435
 0.133463 0.285547 0.245155 0.335834
 0.155725 0.153295 0.404225 0.286755

MOTIF 5-MACAACATMGATCM STREME-5
letter-probability matrix: alength= 4 w= 14 nsites= 7 E= 7.9e-004
 0.598373 0.399516 0.001195 0.000917
 0.996694 0.001195 0.001195 0.000917
 0.000917 0.996972 0.001195 0.000917
 0.797559 0.001195 0.001195 0.200052
 0.797559 0.001195 0.200329 0.000917
 0.000917 0.996972 0.001195 0.000917
 0.996694 0.001195 0.001195 0.000917
 0.000917 0.001195 0.001195 0.996694
 0.399238 0.598651 0.001195 0.000917
 0.000917 0.001195 0.996972 0.000917
 0.996694 0.001195 0.001195 0.000917
 0.000917 0.001195 0.001195 0.996694
 0.000917 0.996972 0.001195 0.000917
 0.399238 0.598651 0.001195 0.000917

MOTIF 6-GAAGTCCGAMMGTC STREME-6
letter-probability matrix: alength= 4 w= 14 nsites= 8 E= 8.9e-002
 0.000684 0.000891 0.997740 0.000684
 0.870632 0.000891 0.127792 0.000684
 0.997533 0.000891 0.000891 0.000684
 0.000684 0.000891 0.849139 0.149286
 0.000684 0.276394 0.000891 0.722030
 0.000684 0.849139 0.000891 0.149286
 0.000684 0.997740 0.000891 0.000684
 0.276187 0.000891 0.573636 0.149286
 0.997533 0.000891 0.000891 0.000684
 0.297888 0.573636 0.127792 0.000684
 0.297888 0.551935 0.000891 0.149286
 0.000684 0.000891 0.997740 0.000684
 0.000684 0.000891 0.127792 0.870632
 0.000684 0.997740 0.000891 0.000684

MOTIF 7-CCGACGTYCTCGV STREME-7
letter-probability matrix: alength= 4 w= 13 nsites= 22 E= 1.8e-001
 0.000225 0.811259 0.188291 0.000225
 0.000225 0.999258 0.000293 0.000225
 0.000225 0.000293 0.999258 0.000225
 0.999190 0.000293 0.000293 0.000225
 0.000225 0.999258 0.000293 0.000225
 0.000225 0.000293 0.999258 0.000225
 0.000225 0.000293 0.000293 0.999190
 0.000225 0.341797 0.000293 0.657686
 0.000225 0.860037 0.139514 0.000225
 0.135268 0.244230 0.049070 0.571433
 0.000225 0.864215 0.000293 0.135268
 0.000225 0.232903 0.529846 0.237026
 0.462513 0.244255 0.293007 0.000225

MOTIF 8-CGACGTCCA STREME-8
letter-probability matrix: alength= 4 w= 9 nsites= 14 E= 6.9e-001
 0.000619 0.913929 0.084833 0.000619
 0.187625 0.202674 0.609081 0.000619
 0.997767 0.000807 0.000807 0.000619
 0.000619 0.997955 0.000807 0.000619
 0.000619 0.000807 0.997955 0.000619
 0.000619 0.000807 0.000807 0.997767
 0.000619 0.997955 0.000807 0.000619
 0.000619 0.729583 0.269179 0.000619
 0.924925 0.000807 0.000807 0.073462

MOTIF 9-GAYAATAC STREME-9
letter-probability matrix: alength= 4 w= 8 nsites= 11 E= 9.4e-001
 0.000889 0.001158 0.997064 0.000889
 0.996794 0.001158 0.001158 0.000889
 0.000889 0.442695 0.001158 0.555257
 0.996794 0.001158 0.001158 0.000889
 0.996794 0.001158 0.001158 0.000889
 0.000889 0.001158 0.001158 0.996794
 0.996794 0.001158 0.001158 0.000889
 0.000889 0.798222 0.200000 0.000889

MOTIF 10-GAACYBWTKTSATC STREME-10
letter-probability matrix: alength= 4 w= 14 nsites= 11 E= 1.0e+001
 0.000423 0.000552 0.998602 0.000423
 0.722618 0.276407 0.000552 0.000423
 0.998474 0.000552 0.000552 0.000423
 0.000423 0.998602 0.000552 0.000423
 0.000423 0.538835 0.000552 0.460190
 0.000423 0.368374 0.368351 0.262852
 0.368246 0.000552 0.000552 0.630651
 0.000423 0.000552 0.000552 0.998474
 0.000423 0.000552 0.354924 0.644101
 0.078940 0.276407 0.000552 0.644101
 0.000423 0.644230 0.354924 0.000423
 0.998474 0.000552 0.000552 0.000423
 0.000423 0.000552 0.000552 0.998474
 0.000423 0.998602 0.000552 0.000423

********************************************************************************
Stopped because 3 consecutive motifs exceeded the p-value threshold (0.05).
********************************************************************************
COMMAND:	streme --dna --p data/STREME_Inputs/SQK-NBD114-24_barcode15_1_intergenic_pos.fasta --n data/STREME_Inputs/SQK-NBD114-24_barcode15_1_control.fasta --oc data/STREME_Outputs/SQK-NBD114-24_barcode15_1_intergenic
********************************************************************************
CPU:		node073
********************************************************************************
FINALTIME:	375.80 seconds
********************************************************************************
