********************************************************************************
STREME - Sensitive, Thorough, Rapid, Enriched Motif Elicitation
********************************************************************************
MEME version 5.5.8 (Release date: Thu May 15 15:01:46 2025 -0700)

For further information on how to interpret these results please access https://meme-suite.org/meme.
To get a copy of the MEME Suite software please access https://meme-suite.org.

********************************************************************************


********************************************************************************
REFERENCE
********************************************************************************
If you use this program in your research, please cite:

Timothy L. Bailey,
"STREME: accurate and versatile sequence motif discovery",
Bioinformatics, Mar. 24, 2021.
********************************************************************************


ALPHABET= ACGT

strands: + -

Background letter frequencies
A 0.226 C 0.274 G 0.274 T 0.226 

MOTIF 1-NNNNNGAWTCNNNNN STREME-1
letter-probability matrix: alength= 4 w= 15 nsites= 1172 E= 9.7e-145
 0.274585 0.236347 0.285460 0.203607
 0.306779 0.205719 0.253584 0.233919
 0.273181 0.303690 0.184422 0.238706
 0.220925 0.274615 0.297138 0.207322
 0.223593 0.233339 0.322186 0.220881
 0.000006 0.000008 0.999979 0.000006
 0.999978 0.000008 0.000008 0.000006
 0.345651 0.154349 0.154349 0.345651
 0.000006 0.000008 0.000008 0.999978
 0.000006 0.999979 0.000008 0.000006
 0.220881 0.322186 0.233339 0.223593
 0.207322 0.297138 0.274615 0.220925
 0.238706 0.184422 0.303690 0.273181
 0.233919 0.253584 0.205719 0.306779
 0.203607 0.285460 0.236347 0.274585

MOTIF 2-NNNCCWGGNNN STREME-2
letter-probability matrix: alength= 4 w= 11 nsites= 1394 E= 8.0e-125
 0.196452 0.296915 0.237295 0.269339
 0.258983 0.261877 0.250914 0.228226
 0.212786 0.208016 0.327696 0.251502
 0.000005 0.999982 0.000007 0.000005
 0.000005 0.997190 0.000007 0.002797
 0.499993 0.000007 0.000007 0.499993
 0.002797 0.000007 0.997190 0.000005
 0.000005 0.000007 0.999982 0.000005
 0.251502 0.327696 0.208016 0.212786
 0.228226 0.250914 0.261877 0.258983
 0.269339 0.237295 0.296915 0.196452

MOTIF 3-GGAGRNNNNNATGA STREME-3
letter-probability matrix: alength= 4 w= 14 nsites= 299 E= 6.2e-035
 0.133287 0.225836 0.518192 0.122685
 0.000025 0.000031 0.999919 0.000025
 0.999913 0.000031 0.000031 0.000025
 0.000025 0.000031 0.999919 0.000025
 0.255045 0.198352 0.471239 0.075364
 0.255055 0.225186 0.250904 0.268855
 0.175916 0.275231 0.211345 0.337508
 0.293714 0.217146 0.324173 0.164967
 0.237474 0.266883 0.222752 0.272891
 0.239843 0.312064 0.276711 0.171382
 0.696388 0.000031 0.303556 0.000025
 0.000025 0.000031 0.000031 0.999913
 0.000025 0.000031 0.999919 0.000025
 0.999913 0.000031 0.000031 0.000025

MOTIF 4-CCAGHDVNNBGTC STREME-4
letter-probability matrix: alength= 4 w= 13 nsites= 138 E= 5.4e-012
 0.000054 0.999826 0.000065 0.000054
 0.000054 0.999826 0.000065 0.000054
 0.999815 0.000065 0.000065 0.000054
 0.000054 0.000065 0.999826 0.000054
 0.291510 0.368994 0.048957 0.290540
 0.357262 0.144829 0.246814 0.251096
 0.288918 0.349499 0.225812 0.135771
 0.324216 0.291602 0.213151 0.171031
 0.237845 0.286330 0.172664 0.303160
 0.095261 0.352726 0.336251 0.215762
 0.000054 0.000065 0.999826 0.000054
 0.000054 0.000065 0.000065 0.999815
 0.000054 0.999826 0.000065 0.000054

MOTIF 5-AGACCAAGGTCTGG STREME-5
letter-probability matrix: alength= 4 w= 14 nsites= 13 E= 2.3e-004
 0.929673 0.024873 0.024873 0.020582
 0.020582 0.024873 0.933964 0.020582
 0.929673 0.024873 0.024873 0.020582
 0.020582 0.933964 0.024873 0.020582
 0.020582 0.933964 0.024873 0.020582
 0.929673 0.024873 0.024873 0.020582
 0.929673 0.024873 0.024873 0.020582
 0.020582 0.024873 0.933964 0.020582
 0.020582 0.024873 0.933964 0.020582
 0.020582 0.024873 0.024873 0.929673
 0.020582 0.933964 0.024873 0.020582
 0.020582 0.024873 0.024873 0.929673
 0.020582 0.024873 0.933964 0.020582
 0.020582 0.024873 0.933964 0.020582

MOTIF 6-AGGGGTTCGAA STREME-6
letter-probability matrix: alength= 4 w= 11 nsites= 5 E= 2.7e-001
 0.929673 0.024873 0.024873 0.020582
 0.020582 0.024873 0.933964 0.020582
 0.020582 0.024873 0.933964 0.020582
 0.020582 0.024873 0.933964 0.020582
 0.020582 0.024873 0.933964 0.020582
 0.020582 0.024873 0.024873 0.929673
 0.020582 0.024873 0.024873 0.929673
 0.020582 0.933964 0.024873 0.020582
 0.020582 0.024873 0.933964 0.020582
 0.929673 0.024873 0.024873 0.020582
 0.929673 0.024873 0.024873 0.020582

MOTIF 7-CAAAAGCGAATCACG STREME-7
letter-probability matrix: alength= 4 w= 15 nsites= 3 E= 9.0e+000
 0.020582 0.933964 0.024873 0.020582
 0.929673 0.024873 0.024873 0.020582
 0.929673 0.024873 0.024873 0.020582
 0.929673 0.024873 0.024873 0.020582
 0.929673 0.024873 0.024873 0.020582
 0.020582 0.024873 0.933964 0.020582
 0.020582 0.933964 0.024873 0.020582
 0.020582 0.024873 0.933964 0.020582
 0.929673 0.024873 0.024873 0.020582
 0.929673 0.024873 0.024873 0.020582
 0.020582 0.024873 0.024873 0.929673
 0.020582 0.933964 0.024873 0.020582
 0.929673 0.024873 0.024873 0.020582
 0.020582 0.933964 0.024873 0.020582
 0.020582 0.024873 0.933964 0.020582

MOTIF 8-CCAAAGAGTA STREME-8
letter-probability matrix: alength= 4 w= 10 nsites= 3 E= 9.0e+000
 0.020582 0.933964 0.024873 0.020582
 0.020582 0.933964 0.024873 0.020582
 0.929673 0.024873 0.024873 0.020582
 0.929673 0.024873 0.024873 0.020582
 0.929673 0.024873 0.024873 0.020582
 0.020582 0.024873 0.933964 0.020582
 0.929673 0.024873 0.024873 0.020582
 0.020582 0.024873 0.933964 0.020582
 0.020582 0.024873 0.024873 0.929673
 0.929673 0.024873 0.024873 0.020582

MOTIF 9-ACAAGCCGGA STREME-9
letter-probability matrix: alength= 4 w= 10 nsites= 3 E= 9.0e+000
 0.929673 0.024873 0.024873 0.020582
 0.020582 0.933964 0.024873 0.020582
 0.929673 0.024873 0.024873 0.020582
 0.929673 0.024873 0.024873 0.020582
 0.020582 0.024873 0.933964 0.020582
 0.020582 0.933964 0.024873 0.020582
 0.020582 0.933964 0.024873 0.020582
 0.020582 0.024873 0.933964 0.020582
 0.020582 0.024873 0.933964 0.020582
 0.929673 0.024873 0.024873 0.020582

********************************************************************************
Stopped because 3 consecutive motifs exceeded the p-value threshold (0.05).
********************************************************************************
COMMAND:	streme --dna --p data/STREME_Inputs/SQK-NBD114-24_barcode17_1_intergenic_pos.fasta --n data/STREME_Inputs/SQK-NBD114-24_barcode17_1_control.fasta --oc data/STREME_Outputs/SQK-NBD114-24_barcode17_1_intergenic
********************************************************************************
CPU:		node073
********************************************************************************
FINALTIME:	371.74 seconds
********************************************************************************
