********************************************************************************
STREME - Sensitive, Thorough, Rapid, Enriched Motif Elicitation
********************************************************************************
MEME version 5.5.8 (Release date: Thu May 15 15:01:46 2025 -0700)

For further information on how to interpret these results please access https://meme-suite.org/meme.
To get a copy of the MEME Suite software please access https://meme-suite.org.

********************************************************************************


********************************************************************************
REFERENCE
********************************************************************************
If you use this program in your research, please cite:

Timothy L. Bailey,
"STREME: accurate and versatile sequence motif discovery",
Bioinformatics, Mar. 24, 2021.
********************************************************************************


ALPHABET= ACGT

strands: + -

Background letter frequencies
A 0.227 C 0.274 G 0.274 T 0.227 

MOTIF 1-NNNNNCCWGGNNNNN STREME-1
letter-probability matrix: alength= 4 w= 15 nsites= 8262 E= 6.0e-699
 0.220497 0.284992 0.284964 0.209547
 0.257670 0.253046 0.225254 0.264030
 0.190693 0.314681 0.257811 0.236815
 0.262957 0.189578 0.306160 0.241306
 0.198382 0.223378 0.337870 0.240370
 0.000002 0.999995 0.000002 0.000002
 0.000002 0.999995 0.000002 0.000002
 0.499998 0.000002 0.000002 0.499998
 0.000002 0.000002 0.999995 0.000002
 0.000002 0.000002 0.999995 0.000002
 0.240370 0.337870 0.223378 0.198382
 0.241306 0.306160 0.189578 0.262957
 0.236815 0.257811 0.314681 0.190693
 0.264030 0.225254 0.253046 0.257670
 0.209547 0.284964 0.284992 0.220497

MOTIF 2-NNNBNGAWTCNVNNN STREME-2
letter-probability matrix: alength= 4 w= 15 nsites= 4018 E= 5.1e-279
 0.213169 0.264981 0.252390 0.269460
 0.242876 0.226113 0.290903 0.240107
 0.224681 0.345074 0.214023 0.216222
 0.182083 0.387216 0.234549 0.196152
 0.212414 0.225874 0.354782 0.206929
 0.000003 0.000004 0.999990 0.000003
 0.999989 0.000004 0.000004 0.000003
 0.384098 0.115902 0.115902 0.384098
 0.000003 0.000004 0.000004 0.999989
 0.000003 0.999990 0.000004 0.000003
 0.206929 0.354782 0.225874 0.212414
 0.196152 0.234549 0.387216 0.182083
 0.216222 0.214023 0.345074 0.224681
 0.240107 0.290903 0.226113 0.242876
 0.269460 0.252390 0.264981 0.213169

MOTIF 3-CCAGHWBVHBGTCR STREME-3
letter-probability matrix: alength= 4 w= 14 nsites= 1380 E= 4.4e-124
 0.000010 0.999969 0.000012 0.000010
 0.000010 0.999969 0.000012 0.000010
 0.999967 0.000012 0.000012 0.000010
 0.000010 0.000012 0.999969 0.000010
 0.389148 0.375909 0.032676 0.202267
 0.376312 0.164997 0.185266 0.273425
 0.156214 0.360468 0.257456 0.225862
 0.255300 0.311522 0.308119 0.125059
 0.245738 0.267311 0.157259 0.329693
 0.090263 0.312834 0.286942 0.309960
 0.000010 0.000012 0.999969 0.000010
 0.000010 0.000012 0.000012 0.999967
 0.000010 0.999969 0.000012 0.000010
 0.388968 0.178799 0.362078 0.070155

MOTIF 4-CGAGGNBRNSRTGA STREME-4
letter-probability matrix: alength= 4 w= 14 nsites= 743 E= 8.4e-060
 0.089930 0.575684 0.274383 0.060003
 0.000021 0.000026 0.999932 0.000021
 0.999927 0.000026 0.000026 0.000021
 0.000021 0.000026 0.999932 0.000021
 0.187867 0.223418 0.474232 0.114482
 0.195296 0.288635 0.187342 0.328726
 0.114647 0.410560 0.262733 0.212059
 0.245605 0.188422 0.394153 0.171820
 0.236824 0.253512 0.238153 0.271511
 0.158109 0.368795 0.298810 0.174286
 0.580964 0.000026 0.418989 0.000021
 0.000021 0.000026 0.000026 0.999927
 0.000021 0.000026 0.999932 0.000021
 0.999927 0.000026 0.000026 0.000021

MOTIF 5-CGGAACTGCC STREME-5
letter-probability matrix: alength= 4 w= 10 nsites= 5 E= 2.3e+000
 0.020591 0.933955 0.024864 0.020591
 0.020591 0.024864 0.933955 0.020591
 0.020591 0.024864 0.933955 0.020591
 0.929682 0.024864 0.024864 0.020591
 0.929682 0.024864 0.024864 0.020591
 0.020591 0.933955 0.024864 0.020591
 0.020591 0.024864 0.024864 0.929682
 0.020591 0.024864 0.933955 0.020591
 0.020591 0.933955 0.024864 0.020591
 0.020591 0.933955 0.024864 0.020591

MOTIF 6-GATCMCCTGGA STREME-6
letter-probability matrix: alength= 4 w= 11 nsites= 4 E= 7.0e+000
 0.003351 0.004046 0.989252 0.003351
 0.988557 0.004046 0.004046 0.003351
 0.003351 0.004046 0.004046 0.988557
 0.003351 0.989252 0.004046 0.003351
 0.615559 0.377044 0.004046 0.003351
 0.003351 0.989252 0.004046 0.003351
 0.003351 0.989252 0.004046 0.003351
 0.003351 0.004046 0.004046 0.988557
 0.003351 0.004046 0.989252 0.003351
 0.003351 0.004046 0.989252 0.003351
 0.988557 0.004046 0.004046 0.003351

MOTIF 7-CGAGATTGGACTGAA STREME-7
letter-probability matrix: alength= 4 w= 15 nsites= 2 E= 7.0e+000
 0.020591 0.933955 0.024864 0.020591
 0.020591 0.024864 0.933955 0.020591
 0.929682 0.024864 0.024864 0.020591
 0.020591 0.024864 0.933955 0.020591
 0.929682 0.024864 0.024864 0.020591
 0.020591 0.024864 0.024864 0.929682
 0.020591 0.024864 0.024864 0.929682
 0.020591 0.024864 0.933955 0.020591
 0.020591 0.024864 0.933955 0.020591
 0.929682 0.024864 0.024864 0.020591
 0.020591 0.933955 0.024864 0.020591
 0.020591 0.024864 0.024864 0.929682
 0.020591 0.024864 0.933955 0.020591
 0.929682 0.024864 0.024864 0.020591
 0.929682 0.024864 0.024864 0.020591

********************************************************************************
Stopped because 3 consecutive motifs exceeded the p-value threshold (0.05).
********************************************************************************
COMMAND:	streme --dna --p data/STREME_Inputs/SQK-NBD114-24_barcode16_10_gene_pos.fasta --n data/STREME_Inputs/SQK-NBD114-24_barcode16_10_control.fasta --oc data/STREME_Outputs/SQK-NBD114-24_barcode16_10_gene
********************************************************************************
CPU:		node152
********************************************************************************
FINALTIME:	432.11 seconds
********************************************************************************
