********************************************************************************
STREME - Sensitive, Thorough, Rapid, Enriched Motif Elicitation
********************************************************************************
MEME version 5.5.8 (Release date: Thu May 15 15:01:46 2025 -0700)

For further information on how to interpret these results please access https://meme-suite.org/meme.
To get a copy of the MEME Suite software please access https://meme-suite.org.

********************************************************************************


********************************************************************************
REFERENCE
********************************************************************************
If you use this program in your research, please cite:

Timothy L. Bailey,
"STREME: accurate and versatile sequence motif discovery",
Bioinformatics, Mar. 24, 2021.
********************************************************************************


ALPHABET= ACGT

strands: + -

Background letter frequencies
A 0.226 C 0.274 G 0.274 T 0.226 

MOTIF 1-NNNCCWGGNNN STREME-1
letter-probability matrix: alength= 4 w= 11 nsites= 1401 E= 6.9e-146
 0.207066 0.298358 0.238744 0.255833
 0.263706 0.253027 0.248709 0.234557
 0.208309 0.217151 0.319445 0.255095
 0.000005 0.999982 0.000007 0.000005
 0.000005 0.996521 0.000007 0.003467
 0.499993 0.000007 0.000007 0.499993
 0.003467 0.000007 0.996521 0.000005
 0.000005 0.000007 0.999982 0.000005
 0.255095 0.319445 0.217151 0.208309
 0.234557 0.248709 0.253027 0.263706
 0.255833 0.238744 0.298358 0.207066

MOTIF 2-NNNNNGAWTCNNNNN STREME-2
letter-probability matrix: alength= 4 w= 15 nsites= 1073 E= 6.3e-108
 0.256325 0.250062 0.274956 0.218657
 0.320457 0.195156 0.265715 0.218671
 0.262250 0.311364 0.187028 0.239359
 0.230953 0.278608 0.287009 0.203430
 0.228295 0.240044 0.323187 0.208475
 0.000007 0.000008 0.999978 0.000007
 0.999977 0.000008 0.000008 0.000007
 0.353352 0.146648 0.146648 0.353352
 0.000007 0.000008 0.000008 0.999977
 0.000007 0.999978 0.000008 0.000007
 0.208475 0.323187 0.240044 0.228295
 0.203430 0.287009 0.278608 0.230953
 0.239359 0.187028 0.311364 0.262250
 0.218671 0.265715 0.195156 0.320457
 0.218657 0.274956 0.250062 0.256325

MOTIF 3-GGAGRNNNNNATGA STREME-3
letter-probability matrix: alength= 4 w= 14 nsites= 297 E= 3.7e-031
 0.143768 0.213475 0.520050 0.122708
 0.000024 0.000030 0.999922 0.000024
 0.999917 0.000030 0.000030 0.000024
 0.000024 0.000030 0.999922 0.000024
 0.242935 0.222401 0.458975 0.075689
 0.263436 0.242437 0.240121 0.254006
 0.184210 0.278452 0.196752 0.340586
 0.284682 0.221257 0.304543 0.189518
 0.242367 0.287319 0.204966 0.265348
 0.215552 0.296942 0.313413 0.174093
 0.685029 0.000030 0.314917 0.000024
 0.000024 0.000030 0.000030 0.999917
 0.000024 0.000030 0.999922 0.000024
 0.999917 0.000030 0.000030 0.000024

MOTIF 4-CCAGHNMNYBGTC STREME-4
letter-probability matrix: alength= 4 w= 13 nsites= 114 E= 4.2e-016
 0.000069 0.999780 0.000083 0.000069
 0.000069 0.999780 0.000083 0.000069
 0.999765 0.000083 0.000083 0.000069
 0.000069 0.000083 0.999780 0.000069
 0.363762 0.341062 0.000083 0.295093
 0.278511 0.217990 0.227880 0.275619
 0.333677 0.459944 0.206310 0.000069
 0.330401 0.254898 0.193450 0.221252
 0.176005 0.262778 0.134970 0.426247
 0.000069 0.331263 0.403836 0.264833
 0.000069 0.000083 0.999780 0.000069
 0.000069 0.000083 0.000083 0.999765
 0.000069 0.999780 0.000083 0.000069

MOTIF 5-CCAGAASGAAGTCA STREME-5
letter-probability matrix: alength= 4 w= 14 nsites= 9 E= 2.3e-001
 0.000824 0.997355 0.000996 0.000824
 0.000824 0.997355 0.000996 0.000824
 0.997183 0.000996 0.000996 0.000824
 0.000824 0.000996 0.997355 0.000824
 0.997183 0.000996 0.000996 0.000824
 0.867771 0.130408 0.000996 0.000824
 0.000824 0.518656 0.350283 0.130236
 0.220686 0.000996 0.777493 0.000824
 0.906733 0.000996 0.000996 0.091274
 0.867771 0.130408 0.000996 0.000824
 0.000824 0.000996 0.997355 0.000824
 0.000824 0.000996 0.000996 0.997183
 0.000824 0.997355 0.000996 0.000824
 0.997183 0.000996 0.000996 0.000824

MOTIF 6-CCAGCATCBSGTCC STREME-6
letter-probability matrix: alength= 4 w= 14 nsites= 8 E= 8.0e+000
 0.000859 0.997245 0.001038 0.000859
 0.000859 0.997245 0.001038 0.000859
 0.997066 0.001038 0.001038 0.000859
 0.000859 0.001038 0.997245 0.000859
 0.000859 0.997245 0.001038 0.000859
 0.727550 0.001038 0.270554 0.000859
 0.000859 0.001038 0.001038 0.997066
 0.000859 0.727729 0.270554 0.000859
 0.000859 0.270554 0.458212 0.270375
 0.000859 0.499141 0.499141 0.000859
 0.000859 0.001038 0.997245 0.000859
 0.000859 0.001038 0.001038 0.997066
 0.000859 0.997245 0.001038 0.000859
 0.229446 0.768658 0.001038 0.000859

MOTIF 7-AGGGGTTCGAA STREME-7
letter-probability matrix: alength= 4 w= 11 nsites= 6 E= 8.0e+000
 0.929673 0.024873 0.024873 0.020582
 0.020582 0.024873 0.933964 0.020582
 0.020582 0.024873 0.933964 0.020582
 0.020582 0.024873 0.933964 0.020582
 0.020582 0.024873 0.933964 0.020582
 0.020582 0.024873 0.024873 0.929673
 0.020582 0.024873 0.024873 0.929673
 0.020582 0.933964 0.024873 0.020582
 0.020582 0.024873 0.933964 0.020582
 0.929673 0.024873 0.024873 0.020582
 0.929673 0.024873 0.024873 0.020582

MOTIF 8-ACCCCTAGC STREME-8
letter-probability matrix: alength= 4 w= 9 nsites= 3 E= 8.0e+000
 0.929673 0.024873 0.024873 0.020582
 0.020582 0.933964 0.024873 0.020582
 0.020582 0.933964 0.024873 0.020582
 0.020582 0.933964 0.024873 0.020582
 0.020582 0.933964 0.024873 0.020582
 0.020582 0.024873 0.024873 0.929673
 0.929673 0.024873 0.024873 0.020582
 0.020582 0.024873 0.933964 0.020582
 0.020582 0.933964 0.024873 0.020582

********************************************************************************
Stopped because 3 consecutive motifs exceeded the p-value threshold (0.05).
********************************************************************************
COMMAND:	streme --dna --p data/STREME_Inputs/SQK-NBD114-24_barcode07_2_intergenic_pos.fasta --n data/STREME_Inputs/SQK-NBD114-24_barcode07_2_control.fasta --oc data/STREME_Outputs/SQK-NBD114-24_barcode07_2_intergenic
********************************************************************************
CPU:		node149
********************************************************************************
FINALTIME:	349.88 seconds
********************************************************************************
