********************************************************************************
STREME - Sensitive, Thorough, Rapid, Enriched Motif Elicitation
********************************************************************************
MEME version 5.5.8 (Release date: Thu May 15 15:01:46 2025 -0700)

For further information on how to interpret these results please access https://meme-suite.org/meme.
To get a copy of the MEME Suite software please access https://meme-suite.org.

********************************************************************************


********************************************************************************
REFERENCE
********************************************************************************
If you use this program in your research, please cite:

Timothy L. Bailey,
"STREME: accurate and versatile sequence motif discovery",
Bioinformatics, Mar. 24, 2021.
********************************************************************************


ALPHABET= ACGT

strands: + -

Background letter frequencies
A 0.217 C 0.283 G 0.283 T 0.217 

MOTIF 1-SGTGGACRNBVNSVN STREME-1
letter-probability matrix: alength= 4 w= 15 nsites= 899 E= 1.5e-096
 0.127352 0.314151 0.382547 0.175950
 0.015908 0.000011 0.984073 0.000008
 0.022326 0.001264 0.000011 0.976399
 0.006277 0.038253 0.955462 0.000008
 0.000008 0.000011 0.999973 0.000008
 0.999971 0.000011 0.000011 0.000008
 0.000008 0.999973 0.000011 0.000008
 0.270628 0.172011 0.436684 0.120676
 0.314703 0.185271 0.206394 0.293631
 0.123831 0.383260 0.294994 0.197916
 0.224885 0.237559 0.369924 0.167632
 0.262101 0.259922 0.193172 0.284806
 0.146322 0.407013 0.273577 0.173088
 0.222661 0.301177 0.321134 0.155028
 0.285733 0.227960 0.235322 0.250986

MOTIF 2-CHGGCCCAGSNNVNB STREME-2
letter-probability matrix: alength= 4 w= 15 nsites= 536 E= 7.6e-067
 0.177662 0.497657 0.207738 0.116943
 0.324658 0.271445 0.078211 0.325687
 0.000014 0.000019 0.997737 0.002230
 0.000014 0.000019 0.999953 0.000014
 0.000014 0.999953 0.000019 0.000014
 0.000014 0.999953 0.000019 0.000014
 0.000014 0.999953 0.000019 0.000014
 0.999949 0.000019 0.000019 0.000014
 0.000014 0.004451 0.995521 0.000014
 0.183798 0.285545 0.383755 0.146902
 0.288834 0.273508 0.221362 0.216296
 0.189634 0.329238 0.275098 0.206030
 0.235287 0.294046 0.321115 0.149552
 0.289975 0.216406 0.229528 0.264091
 0.141131 0.336785 0.323401 0.198683

MOTIF 3-GATVNSVNBSRTGC STREME-3
letter-probability matrix: alength= 4 w= 14 nsites= 660 E= 6.0e-057
 0.003228 0.000015 0.996745 0.000012
 0.999959 0.000015 0.000015 0.000012
 0.000012 0.000015 0.000015 0.999959
 0.190485 0.312142 0.346572 0.150801
 0.315473 0.208090 0.248604 0.227833
 0.177046 0.385026 0.251994 0.185934
 0.179376 0.342349 0.330448 0.147827
 0.233195 0.270961 0.266030 0.229814
 0.145889 0.354451 0.262631 0.237028
 0.194368 0.254557 0.437309 0.113766
 0.591939 0.000015 0.408034 0.000012
 0.000012 0.000015 0.000015 0.999959
 0.246058 0.000015 0.592249 0.161678
 0.000012 0.999962 0.000015 0.000012

MOTIF 4-VDSNGGATCCNSHB STREME-4
letter-probability matrix: alength= 4 w= 14 nsites= 345 E= 4.2e-055
 0.209619 0.405153 0.250459 0.134769
 0.346125 0.148466 0.207902 0.297508
 0.186648 0.440677 0.236857 0.135818
 0.194370 0.317090 0.210109 0.278431
 0.000022 0.000029 0.999927 0.000022
 0.000022 0.000029 0.999927 0.000022
 0.999920 0.000029 0.000029 0.000022
 0.000022 0.000029 0.000029 0.999920
 0.000022 0.999927 0.000029 0.000022
 0.000022 0.999927 0.000029 0.000022
 0.278431 0.210109 0.317090 0.194370
 0.135818 0.236857 0.440677 0.186648
 0.297508 0.207902 0.148466 0.346125
 0.134769 0.250459 0.405153 0.209619

MOTIF 5-HCGNCGACGTCGNCGD STREME-5
letter-probability matrix: alength= 4 w= 16 nsites= 356 E= 3.2e-030
 0.198845 0.258682 0.164769 0.377705
 0.080565 0.482829 0.210590 0.226015
 0.246125 0.138926 0.556025 0.058925
 0.242753 0.351802 0.208494 0.196952
 0.035788 0.794698 0.169495 0.000020
 0.252762 0.094208 0.653010 0.000020
 0.999928 0.000026 0.000026 0.000020
 0.000020 0.999934 0.000026 0.000020
 0.000020 0.000026 0.999934 0.000020
 0.000020 0.000026 0.000026 0.999928
 0.000020 0.653010 0.094208 0.252762
 0.000020 0.169495 0.794698 0.035788
 0.196952 0.208494 0.351802 0.242753
 0.058925 0.556025 0.138926 0.246125
 0.226015 0.210590 0.482829 0.080565
 0.377705 0.164769 0.258682 0.198845

MOTIF 6-CAGAWNVNSVRTAA STREME-6
letter-probability matrix: alength= 4 w= 14 nsites= 192 E= 9.0e-016
 0.220476 0.538334 0.241152 0.000038
 0.999864 0.000049 0.000049 0.000038
 0.000038 0.000049 0.999875 0.000038
 0.999864 0.000049 0.000049 0.000038
 0.411866 0.123475 0.152388 0.312271
 0.211043 0.371164 0.201349 0.216443
 0.257455 0.300033 0.312502 0.130011
 0.255966 0.261197 0.188002 0.294835
 0.110493 0.438260 0.267567 0.183680
 0.258142 0.308094 0.344263 0.089501
 0.395186 0.000049 0.604727 0.000038
 0.000038 0.000049 0.000049 0.999864
 0.999864 0.000049 0.000049 0.000038
 0.999864 0.000049 0.000049 0.000038

MOTIF 7-CGAANNBRNNBBGTC STREME-7
letter-probability matrix: alength= 4 w= 15 nsites= 141 E= 1.3e-013
 0.000055 0.999818 0.000072 0.000055
 0.000055 0.000072 0.999818 0.000055
 0.999802 0.000072 0.000072 0.000055
 0.999802 0.000072 0.000072 0.000055
 0.335278 0.276808 0.218735 0.169179
 0.236519 0.317815 0.216703 0.228964
 0.158926 0.309994 0.345140 0.185941
 0.230672 0.185285 0.416585 0.167458
 0.225539 0.318534 0.213293 0.242633
 0.222131 0.217742 0.341729 0.218397
 0.158926 0.373165 0.227968 0.239941
 0.082052 0.305530 0.228977 0.383441
 0.000055 0.000072 0.999818 0.000055
 0.000055 0.000072 0.000072 0.999802
 0.000055 0.999818 0.000072 0.000055

MOTIF 8-CYGGACGTCCTTCS STREME-8
letter-probability matrix: alength= 4 w= 14 nsites= 12 E= 4.1e-001
 0.000544 0.930599 0.068313 0.000544
 0.000544 0.575532 0.000708 0.423216
 0.000544 0.000708 0.998204 0.000544
 0.000544 0.000708 0.998204 0.000544
 0.998040 0.000708 0.000708 0.000544
 0.000544 0.998204 0.000708 0.000544
 0.000544 0.000708 0.998204 0.000544
 0.000544 0.000708 0.000708 0.998040
 0.000544 0.998204 0.000708 0.000544
 0.000544 0.744602 0.169778 0.085076
 0.000544 0.000708 0.254310 0.744438
 0.000544 0.169778 0.152844 0.676833
 0.000544 0.660055 0.254325 0.085076
 0.000544 0.507927 0.254310 0.237220

MOTIF 9-GGACGTTCA STREME-9
letter-probability matrix: alength= 4 w= 9 nsites= 5 E= 4.1e-001
 0.019755 0.025700 0.934791 0.019755
 0.019755 0.025700 0.934791 0.019755
 0.928845 0.025700 0.025700 0.019755
 0.019755 0.934791 0.025700 0.019755
 0.019755 0.025700 0.934791 0.019755
 0.019755 0.025700 0.025700 0.928845
 0.019755 0.025700 0.025700 0.928845
 0.019755 0.934791 0.025700 0.019755
 0.928845 0.025700 0.025700 0.019755

MOTIF 10-AAGTKGACYGAY STREME-10
letter-probability matrix: alength= 4 w= 12 nsites= 9 E= 8.1e-001
 0.734721 0.001098 0.263337 0.000844
 0.996960 0.001098 0.001098 0.000844
 0.000844 0.001098 0.997214 0.000844
 0.000844 0.001098 0.001098 0.996960
 0.000844 0.001098 0.656677 0.341381
 0.000844 0.001098 0.997214 0.000844
 0.996960 0.001098 0.001098 0.000844
 0.000844 0.997214 0.001098 0.000844
 0.000844 0.656677 0.001098 0.341381
 0.000844 0.001098 0.997214 0.000844
 0.734733 0.001098 0.132211 0.131957
 0.000844 0.603862 0.001098 0.394196

MOTIF 11-CGTCGCGACGTYCAG STREME-11
letter-probability matrix: alength= 4 w= 15 nsites= 6 E= 1.2e+001
 0.001068 0.996476 0.001389 0.001068
 0.001068 0.001389 0.996476 0.001068
 0.001068 0.001389 0.001389 0.996155
 0.001068 0.996476 0.001389 0.001068
 0.001068 0.167222 0.830643 0.001068
 0.001068 0.996476 0.001389 0.001068
 0.001068 0.001389 0.996476 0.001068
 0.996155 0.001389 0.001389 0.001068
 0.001068 0.830643 0.167222 0.001068
 0.001068 0.001389 0.996476 0.001068
 0.166901 0.001389 0.001389 0.830322
 0.001068 0.664810 0.001389 0.332733
 0.001068 0.996476 0.001389 0.001068
 0.996155 0.001389 0.001389 0.001068
 0.166901 0.001389 0.830643 0.001068

MOTIF 12-CATCGACCATGTCCG STREME-12
letter-probability matrix: alength= 4 w= 15 nsites= 4 E= 1.2e+001
 0.019755 0.934791 0.025700 0.019755
 0.928845 0.025700 0.025700 0.019755
 0.019755 0.025700 0.025700 0.928845
 0.019755 0.934791 0.025700 0.019755
 0.019755 0.025700 0.934791 0.019755
 0.928845 0.025700 0.025700 0.019755
 0.019755 0.934791 0.025700 0.019755
 0.019755 0.934791 0.025700 0.019755
 0.928845 0.025700 0.025700 0.019755
 0.019755 0.025700 0.025700 0.928845
 0.019755 0.025700 0.934791 0.019755
 0.019755 0.025700 0.025700 0.928845
 0.019755 0.934791 0.025700 0.019755
 0.019755 0.934791 0.025700 0.019755
 0.019755 0.025700 0.934791 0.019755

********************************************************************************
Stopped because 3 consecutive motifs exceeded the p-value threshold (0.05).
********************************************************************************
COMMAND:	streme --dna --p data/STREME_Inputs/SQK-NBD114-24_barcode18_5_gene_pos.fasta --n data/STREME_Inputs/SQK-NBD114-24_barcode18_5_control.fasta --oc data/STREME_Outputs/SQK-NBD114-24_barcode18_5_gene
********************************************************************************
CPU:		node146
********************************************************************************
FINALTIME:	455.35 seconds
********************************************************************************
