********************************************************************************
STREME - Sensitive, Thorough, Rapid, Enriched Motif Elicitation
********************************************************************************
MEME version 5.5.8 (Release date: Thu May 15 15:01:46 2025 -0700)

For further information on how to interpret these results please access https://meme-suite.org/meme.
To get a copy of the MEME Suite software please access https://meme-suite.org.

********************************************************************************


********************************************************************************
REFERENCE
********************************************************************************
If you use this program in your research, please cite:

Timothy L. Bailey,
"STREME: accurate and versatile sequence motif discovery",
Bioinformatics, Mar. 24, 2021.
********************************************************************************


ALPHABET= ACGT

strands: + -

Background letter frequencies
A 0.277 C 0.223 G 0.223 T 0.277 

MOTIF 1-VMHGATCVMDNNNNN STREME-1
letter-probability matrix: alength= 4 w= 15 nsites= 12123 E= 2.1e-1135
 0.265279 0.237181 0.385578 0.111962
 0.440070 0.259253 0.203631 0.097045
 0.305980 0.231077 0.112010 0.350933
 0.000001 0.000001 0.999996 0.000001
 0.999997 0.000001 0.000001 0.000001
 0.000001 0.000001 0.000001 0.999997
 0.000001 0.999996 0.000001 0.000001
 0.379316 0.258571 0.209231 0.152882
 0.400294 0.285496 0.124547 0.189664
 0.375914 0.137536 0.249415 0.237135
 0.332281 0.196055 0.208238 0.263426
 0.232058 0.256080 0.181897 0.329966
 0.221683 0.268292 0.286265 0.223760
 0.305204 0.187756 0.231910 0.275130
 0.250363 0.248587 0.170827 0.330223

MOTIF 2-AGCDWRHYGATG STREME-2
letter-probability matrix: alength= 4 w= 12 nsites= 1021 E= 4.3e-059
 0.999122 0.000839 0.000017 0.000021
 0.000021 0.001585 0.998373 0.000021
 0.000021 0.999940 0.000017 0.000021
 0.275562 0.150965 0.207086 0.366387
 0.275525 0.142663 0.179258 0.402555
 0.235711 0.175346 0.471176 0.117767
 0.195185 0.238433 0.184110 0.382272
 0.082455 0.302027 0.130331 0.485187
 0.000021 0.000017 0.999940 0.000021
 0.994158 0.004236 0.000017 0.001589
 0.000021 0.001585 0.001102 0.997292
 0.000021 0.000017 0.999118 0.000844

MOTIF 3-NCAAYDNNNHRTTGN STREME-3
letter-probability matrix: alength= 4 w= 15 nsites= 677 E= 3.6e-043
 0.199742 0.238409 0.271582 0.290267
 0.000023 0.999935 0.000019 0.000023
 0.999939 0.000019 0.000019 0.000023
 0.999939 0.000019 0.000019 0.000023
 0.000023 0.531747 0.000019 0.468211
 0.376336 0.163886 0.241466 0.218312
 0.279311 0.223934 0.216207 0.280547
 0.216258 0.283742 0.283742 0.216258
 0.280547 0.216207 0.223934 0.279311
 0.218312 0.241466 0.163886 0.376336
 0.468211 0.000019 0.531747 0.000023
 0.000023 0.000019 0.000019 0.999939
 0.000023 0.000019 0.000019 0.999939
 0.000023 0.000019 0.999935 0.000023
 0.290267 0.271582 0.238409 0.199742

MOTIF 4-NTGAAYDNNNHRTCN STREME-4
letter-probability matrix: alength= 4 w= 15 nsites= 406 E= 8.2e-025
 0.185178 0.262213 0.238563 0.314046
 0.000043 0.000035 0.000035 0.999888
 0.000043 0.000035 0.999880 0.000043
 0.999888 0.000035 0.000035 0.000043
 0.999888 0.000035 0.000035 0.000043
 0.000043 0.539988 0.000035 0.459934
 0.312792 0.123904 0.289421 0.273882
 0.211886 0.259161 0.246305 0.282648
 0.246305 0.216060 0.304154 0.233481
 0.200016 0.246589 0.214925 0.338470
 0.195706 0.375997 0.089054 0.339242
 0.535510 0.000035 0.464413 0.000043
 0.000043 0.003170 0.000035 0.996753
 0.000043 0.999880 0.000035 0.000043
 0.327919 0.174680 0.329525 0.167876

MOTIF 5-NNNSVAGTACTBSNNN STREME-5
letter-probability matrix: alength= 4 w= 16 nsites= 255 E= 3.4e-013
 0.261997 0.255869 0.239978 0.242156
 0.341832 0.171629 0.276071 0.210469
 0.221314 0.283258 0.235919 0.259508
 0.169466 0.263415 0.456572 0.110548
 0.485622 0.249008 0.265314 0.000056
 0.999852 0.000046 0.000046 0.000056
 0.000056 0.000046 0.999841 0.000056
 0.000056 0.000046 0.000046 0.999852
 0.999852 0.000046 0.000046 0.000056
 0.000056 0.999841 0.000046 0.000056
 0.000056 0.000046 0.000046 0.999852
 0.000056 0.265314 0.249008 0.485622
 0.110548 0.456572 0.263415 0.169466
 0.259508 0.235919 0.283258 0.221314
 0.210469 0.276071 0.171629 0.341832
 0.242156 0.239978 0.255869 0.261997

MOTIF 6-CGNTANNDNNNNGTC STREME-6
letter-probability matrix: alength= 4 w= 15 nsites= 244 E= 4.5e-008
 0.000064 0.999819 0.000052 0.000064
 0.000064 0.000052 0.999819 0.000064
 0.214155 0.305782 0.198408 0.281656
 0.000064 0.000052 0.000052 0.999832
 0.999832 0.000052 0.000052 0.000064
 0.251906 0.251739 0.173807 0.322548
 0.209306 0.294904 0.214010 0.281780
 0.276708 0.166848 0.336020 0.220424
 0.217516 0.283910 0.214242 0.284332
 0.261540 0.287837 0.188620 0.262002
 0.244616 0.194357 0.265021 0.296007
 0.250431 0.287069 0.190429 0.272071
 0.000064 0.000052 0.999819 0.000064
 0.000064 0.000052 0.000052 0.999832
 0.000064 0.999819 0.000052 0.000064

MOTIF 7-GACRNCARTKTANC STREME-7
letter-probability matrix: alength= 4 w= 14 nsites= 54 E= 2.1e+000
 0.000280 0.000226 0.999214 0.000280
 0.999268 0.000226 0.000226 0.000280
 0.000280 0.999214 0.000226 0.000280
 0.371327 0.000226 0.628167 0.000280
 0.209795 0.165991 0.308141 0.316072
 0.219757 0.525535 0.000226 0.254483
 0.638189 0.000226 0.223940 0.137645
 0.463998 0.000226 0.535496 0.000280
 0.246611 0.240231 0.000226 0.512931
 0.000280 0.000226 0.424980 0.574514
 0.000280 0.000226 0.000226 0.999268
 0.999268 0.000226 0.000226 0.000280
 0.240285 0.199175 0.332906 0.227634
 0.000280 0.999214 0.000226 0.000280

MOTIF 8-GACAAACYRTTAKC STREME-8
letter-probability matrix: alength= 4 w= 14 nsites= 21 E= 4.6e+000
 0.000710 0.000573 0.998008 0.000710
 0.998144 0.000573 0.000573 0.000710
 0.000710 0.998008 0.000573 0.000710
 0.894105 0.000573 0.104613 0.000710
 0.686023 0.208654 0.052593 0.052729
 0.738042 0.104614 0.000573 0.156771
 0.000710 0.841948 0.156633 0.000710
 0.000710 0.364714 0.000573 0.634003
 0.416872 0.000573 0.581845 0.000710
 0.156771 0.208654 0.156633 0.477942
 0.000710 0.000573 0.000573 0.998144
 0.998144 0.000573 0.000573 0.000710
 0.000710 0.000573 0.633865 0.364852
 0.000710 0.998008 0.000573 0.000710

MOTIF 9-CTTGGATCCAAG STREME-9
letter-probability matrix: alength= 4 w= 12 nsites= 12 E= 9.0e+000
 0.001181 0.585378 0.239143 0.174298
 0.001181 0.000954 0.000954 0.996912
 0.001181 0.000954 0.000954 0.996912
 0.174298 0.087512 0.650450 0.087739
 0.001181 0.000954 0.996685 0.001181
 0.996912 0.000954 0.000954 0.001181
 0.001181 0.000954 0.000954 0.996912
 0.001181 0.996685 0.000954 0.001181
 0.087739 0.650450 0.087512 0.174298
 0.996912 0.000954 0.000954 0.001181
 0.996912 0.000954 0.000954 0.001181
 0.174298 0.239143 0.585378 0.001181

********************************************************************************
Stopped because 3 consecutive motifs exceeded the p-value threshold (0.05).
********************************************************************************
COMMAND:	streme --dna --p data/STREME_Inputs/SQK-NBD114-24_barcode22_3_gene_pos.fasta --n data/STREME_Inputs/SQK-NBD114-24_barcode22_3_control.fasta --oc data/STREME_Outputs/SQK-NBD114-24_barcode22_3_gene
********************************************************************************
CPU:		node146
********************************************************************************
FINALTIME:	544.17 seconds
********************************************************************************
