********************************************************************************
STREME - Sensitive, Thorough, Rapid, Enriched Motif Elicitation
********************************************************************************
MEME version 5.5.8 (Release date: Thu May 15 15:01:46 2025 -0700)

For further information on how to interpret these results please access https://meme-suite.org/meme.
To get a copy of the MEME Suite software please access https://meme-suite.org.

********************************************************************************


********************************************************************************
REFERENCE
********************************************************************************
If you use this program in your research, please cite:

Timothy L. Bailey,
"STREME: accurate and versatile sequence motif discovery",
Bioinformatics, Mar. 24, 2021.
********************************************************************************


ALPHABET= ACGT

strands: + -

Background letter frequencies
A 0.276 C 0.224 G 0.224 T 0.276 

MOTIF 1-DHDHWGATCNNNHKN STREME-1
letter-probability matrix: alength= 4 w= 15 nsites= 3053 E= 5.1e-321
 0.229889 0.099825 0.280450 0.389836
 0.223699 0.262606 0.094408 0.419287
 0.386719 0.157621 0.215458 0.240202
 0.390625 0.204565 0.153985 0.250825
 0.245713 0.183990 0.125972 0.444326
 0.000003 0.000003 0.999991 0.000003
 0.999991 0.000003 0.000003 0.000003
 0.000003 0.000003 0.000003 0.999991
 0.000003 0.999991 0.000003 0.000003
 0.309209 0.196797 0.201635 0.292359
 0.301789 0.311800 0.193480 0.192931
 0.305999 0.200303 0.270093 0.223604
 0.223618 0.296792 0.120921 0.358669
 0.136654 0.184040 0.264419 0.414887
 0.306135 0.208171 0.201251 0.284443

MOTIF 2-NNNNDCCWGGHNNNN STREME-2
letter-probability matrix: alength= 4 w= 15 nsites= 877 E= 3.8e-085
 0.295620 0.237838 0.170268 0.296274
 0.316377 0.182713 0.197009 0.303902
 0.283634 0.231735 0.207987 0.276644
 0.308010 0.221606 0.167677 0.302707
 0.297263 0.162228 0.355660 0.184849
 0.000012 0.999965 0.000010 0.000012
 0.000012 0.999965 0.000010 0.000012
 0.498595 0.001405 0.001405 0.498595
 0.000012 0.000010 0.999965 0.000012
 0.000012 0.000010 0.999965 0.000012
 0.184849 0.355660 0.162228 0.297263
 0.302707 0.167677 0.221606 0.308010
 0.276644 0.207987 0.231735 0.283634
 0.303902 0.197009 0.182713 0.316377
 0.296274 0.170268 0.237838 0.295620

MOTIF 3-ATCDDYDHHGTC STREME-3
letter-probability matrix: alength= 4 w= 12 nsites= 384 E= 8.3e-037
 0.999906 0.000029 0.000029 0.000036
 0.000036 0.000029 0.000029 0.999906
 0.000036 0.999900 0.000029 0.000036
 0.275733 0.155135 0.343099 0.226033
 0.319109 0.111205 0.310692 0.258994
 0.157001 0.291079 0.169697 0.382222
 0.324794 0.114925 0.264150 0.296131
 0.356385 0.218822 0.065652 0.359141
 0.285883 0.212567 0.105470 0.396079
 0.000036 0.000029 0.999900 0.000036
 0.000036 0.000029 0.000029 0.999906
 0.000036 0.999900 0.000029 0.000036

MOTIF 4-CYAAYWNNDCTT STREME-4
letter-probability matrix: alength= 4 w= 12 nsites= 319 E= 1.1e-025
 0.000037 0.999896 0.000030 0.000037
 0.000037 0.364858 0.000030 0.635075
 0.999903 0.000030 0.000030 0.000037
 0.999903 0.000030 0.000030 0.000037
 0.000037 0.356196 0.000030 0.643737
 0.341232 0.130019 0.169360 0.359388
 0.323505 0.269670 0.206844 0.199980
 0.267877 0.215628 0.251877 0.264618
 0.234686 0.154620 0.320855 0.289838
 0.000037 0.999896 0.000030 0.000037
 0.000037 0.000030 0.000030 0.999903
 0.000037 0.000030 0.000030 0.999903

MOTIF 5-WHNNDCTCGAGHNNDW STREME-5
letter-probability matrix: alength= 4 w= 16 nsites= 97 E= 1.9e-004
 0.488723 0.084590 0.048065 0.378622
 0.392489 0.255053 0.131500 0.220959
 0.337140 0.200678 0.224865 0.237317
 0.235536 0.245625 0.193276 0.325563
 0.275867 0.160943 0.324661 0.238529
 0.000102 0.999714 0.000082 0.000102
 0.000102 0.000082 0.000082 0.999734
 0.000102 0.999714 0.000082 0.000102
 0.000102 0.000082 0.999714 0.000102
 0.999734 0.000082 0.000082 0.000102
 0.000102 0.000082 0.999714 0.000102
 0.238529 0.324661 0.160943 0.275867
 0.325563 0.193276 0.245625 0.235536
 0.237317 0.224865 0.200678 0.337140
 0.220959 0.131500 0.255053 0.392489
 0.378622 0.048065 0.084590 0.488723

MOTIF 6-GAGGACCGGAG STREME-6
letter-probability matrix: alength= 4 w= 11 nsites= 6 E= 4.1e-001
 0.001999 0.001620 0.994382 0.001999
 0.994761 0.001620 0.001620 0.001999
 0.001999 0.001620 0.994382 0.001999
 0.001999 0.001620 0.994382 0.001999
 0.994761 0.001620 0.001620 0.001999
 0.001999 0.994382 0.001620 0.001999
 0.001999 0.994382 0.001620 0.001999
 0.001999 0.001620 0.994382 0.001999
 0.323951 0.001620 0.672430 0.001999
 0.994761 0.001620 0.001620 0.001999
 0.001999 0.323572 0.672430 0.001999

MOTIF 7-ATTCCCACAAC STREME-7
letter-probability matrix: alength= 4 w= 11 nsites= 8 E= 9.0e+000
 0.934200 0.020345 0.020345 0.025109
 0.025109 0.020345 0.020345 0.934200
 0.025109 0.020345 0.020345 0.934200
 0.025109 0.929436 0.020345 0.025109
 0.025109 0.929436 0.020345 0.025109
 0.025109 0.929436 0.020345 0.025109
 0.934200 0.020345 0.020345 0.025109
 0.025109 0.929436 0.020345 0.025109
 0.934200 0.020345 0.020345 0.025109
 0.934200 0.020345 0.020345 0.025109
 0.025109 0.929436 0.020345 0.025109

MOTIF 8-GGAATTGGTA STREME-8
letter-probability matrix: alength= 4 w= 10 nsites= 4 E= 9.0e+000
 0.025109 0.020345 0.929436 0.025109
 0.025109 0.020345 0.929436 0.025109
 0.934200 0.020345 0.020345 0.025109
 0.934200 0.020345 0.020345 0.025109
 0.025109 0.020345 0.020345 0.934200
 0.025109 0.020345 0.020345 0.934200
 0.025109 0.020345 0.929436 0.025109
 0.025109 0.020345 0.929436 0.025109
 0.025109 0.020345 0.020345 0.934200
 0.934200 0.020345 0.020345 0.025109

MOTIF 9-TACTATTTGGGAGGA STREME-9
letter-probability matrix: alength= 4 w= 15 nsites= 3 E= 9.0e+000
 0.025109 0.020345 0.020345 0.934200
 0.934200 0.020345 0.020345 0.025109
 0.025109 0.929436 0.020345 0.025109
 0.025109 0.020345 0.020345 0.934200
 0.934200 0.020345 0.020345 0.025109
 0.025109 0.020345 0.020345 0.934200
 0.025109 0.020345 0.020345 0.934200
 0.025109 0.020345 0.020345 0.934200
 0.025109 0.020345 0.929436 0.025109
 0.025109 0.020345 0.929436 0.025109
 0.025109 0.020345 0.929436 0.025109
 0.934200 0.020345 0.020345 0.025109
 0.025109 0.020345 0.929436 0.025109
 0.025109 0.020345 0.929436 0.025109
 0.934200 0.020345 0.020345 0.025109

********************************************************************************
Stopped because 3 consecutive motifs exceeded the p-value threshold (0.05).
********************************************************************************
COMMAND:	streme --dna --p data/STREME_Inputs/SQK-NBD114-24_barcode16_6_intergenic_pos.fasta --n data/STREME_Inputs/SQK-NBD114-24_barcode16_6_control.fasta --oc data/STREME_Outputs/SQK-NBD114-24_barcode16_6_intergenic
********************************************************************************
CPU:		node133
********************************************************************************
FINALTIME:	305.99 seconds
********************************************************************************
