********************************************************************************
STREME - Sensitive, Thorough, Rapid, Enriched Motif Elicitation
********************************************************************************
MEME version 5.5.8 (Release date: Thu May 15 15:01:46 2025 -0700)

For further information on how to interpret these results please access https://meme-suite.org/meme.
To get a copy of the MEME Suite software please access https://meme-suite.org.

********************************************************************************


********************************************************************************
REFERENCE
********************************************************************************
If you use this program in your research, please cite:

Timothy L. Bailey,
"STREME: accurate and versatile sequence motif discovery",
Bioinformatics, Mar. 24, 2021.
********************************************************************************


ALPHABET= ACGT

strands: + -

Background letter frequencies
A 0.227 C 0.274 G 0.274 T 0.227 

MOTIF 1-CCAGGNNNNNNNN STREME-1
letter-probability matrix: alength= 4 w= 13 nsites= 2312 E= 1.8e-271
 0.000004 0.999989 0.000004 0.000004
 0.000004 0.999989 0.000004 0.000004
 0.998062 0.000004 0.000004 0.001929
 0.000004 0.000004 0.999989 0.000004
 0.000004 0.000004 0.999989 0.000004
 0.250430 0.316221 0.195867 0.237481
 0.253805 0.308925 0.189773 0.247497
 0.286476 0.228321 0.307775 0.177429
 0.258295 0.220595 0.241462 0.279648
 0.224353 0.290616 0.279018 0.206013
 0.278800 0.236559 0.294224 0.190418
 0.236865 0.271241 0.238241 0.253653
 0.194446 0.325010 0.268209 0.212335

MOTIF 2-NNNSNGAWTCNSNNN STREME-2
letter-probability matrix: alength= 4 w= 15 nsites= 1134 E= 6.2e-106
 0.220118 0.284722 0.241695 0.253465
 0.247266 0.224527 0.277650 0.250557
 0.240617 0.320772 0.229765 0.208846
 0.190936 0.393468 0.225147 0.190450
 0.220863 0.238315 0.330567 0.210254
 0.000007 0.000009 0.999977 0.000007
 0.999976 0.000009 0.000009 0.000007
 0.376463 0.123537 0.123537 0.376463
 0.000007 0.000009 0.000009 0.999976
 0.000007 0.999977 0.000009 0.000007
 0.210254 0.330567 0.238315 0.220863
 0.190450 0.225147 0.393468 0.190936
 0.208846 0.229765 0.320772 0.240617
 0.250557 0.277650 0.224527 0.247266
 0.253465 0.241695 0.284722 0.220118

MOTIF 3-CCAGHWNVHBGTCR STREME-3
letter-probability matrix: alength= 4 w= 14 nsites= 324 E= 2.2e-035
 0.000028 0.999911 0.000033 0.000028
 0.000028 0.999911 0.000033 0.000028
 0.995926 0.000033 0.000033 0.004008
 0.000028 0.000033 0.999911 0.000028
 0.396024 0.401546 0.000033 0.202396
 0.391488 0.167741 0.174206 0.266566
 0.205071 0.379802 0.217532 0.197595
 0.252181 0.321738 0.312205 0.113876
 0.281725 0.204944 0.147520 0.365811
 0.109342 0.299682 0.311441 0.279535
 0.000028 0.000033 0.999911 0.000028
 0.004008 0.000033 0.000033 0.995926
 0.000028 0.999911 0.000033 0.000028
 0.349069 0.168932 0.430361 0.051638

MOTIF 4-GAGRNVNNNRTGA STREME-4
letter-probability matrix: alength= 4 w= 13 nsites= 185 E= 2.3e-014
 0.000045 0.000055 0.999855 0.000045
 0.999846 0.000055 0.000055 0.000045
 0.000045 0.000055 0.999855 0.000045
 0.262263 0.208482 0.426506 0.102749
 0.214428 0.269519 0.222858 0.293194
 0.206619 0.360126 0.278123 0.155132
 0.260880 0.183267 0.335679 0.220174
 0.234487 0.264717 0.265157 0.235638
 0.200652 0.322874 0.275808 0.200666
 0.567087 0.000055 0.432813 0.000045
 0.000045 0.000055 0.000055 0.999846
 0.000045 0.000055 0.999855 0.000045
 0.999846 0.000055 0.000055 0.000045

MOTIF 5-CCTCGGTAC STREME-5
letter-probability matrix: alength= 4 w= 9 nsites= 3 E= 7.0e+000
 0.020591 0.933955 0.024864 0.020591
 0.020591 0.933955 0.024864 0.020591
 0.020591 0.024864 0.024864 0.929682
 0.020591 0.933955 0.024864 0.020591
 0.020591 0.024864 0.933955 0.020591
 0.020591 0.024864 0.933955 0.020591
 0.020591 0.024864 0.024864 0.929682
 0.929682 0.024864 0.024864 0.020591
 0.020591 0.933955 0.024864 0.020591

MOTIF 6-ACRCCTGGCTTCWW STREME-6
letter-probability matrix: alength= 4 w= 14 nsites= 2 E= 7.0e+000
 0.988321 0.004129 0.004129 0.003420
 0.003420 0.989031 0.004129 0.003420
 0.495871 0.004129 0.496580 0.003420
 0.003420 0.989031 0.004129 0.003420
 0.003420 0.989031 0.004129 0.003420
 0.003420 0.004129 0.004129 0.988321
 0.003420 0.004129 0.989031 0.003420
 0.003420 0.004129 0.989031 0.003420
 0.003420 0.989031 0.004129 0.003420
 0.003420 0.004129 0.004129 0.988321
 0.003420 0.004129 0.004129 0.988321
 0.003420 0.989031 0.004129 0.003420
 0.495871 0.004129 0.004129 0.495871
 0.495871 0.004129 0.004129 0.495871

MOTIF 7-TGGAATTGGCCGCCA STREME-7
letter-probability matrix: alength= 4 w= 15 nsites= 2 E= 7.0e+000
 0.020591 0.024864 0.024864 0.929682
 0.020591 0.024864 0.933955 0.020591
 0.020591 0.024864 0.933955 0.020591
 0.929682 0.024864 0.024864 0.020591
 0.929682 0.024864 0.024864 0.020591
 0.020591 0.024864 0.024864 0.929682
 0.020591 0.024864 0.024864 0.929682
 0.020591 0.024864 0.933955 0.020591
 0.020591 0.024864 0.933955 0.020591
 0.020591 0.933955 0.024864 0.020591
 0.020591 0.933955 0.024864 0.020591
 0.020591 0.024864 0.933955 0.020591
 0.020591 0.933955 0.024864 0.020591
 0.020591 0.933955 0.024864 0.020591
 0.929682 0.024864 0.024864 0.020591

********************************************************************************
Stopped because 3 consecutive motifs exceeded the p-value threshold (0.05).
********************************************************************************
COMMAND:	streme --dna --p data/STREME_Inputs/SQK-NBD114-24_barcode09_2_gene_pos.fasta --n data/STREME_Inputs/SQK-NBD114-24_barcode09_2_control.fasta --oc data/STREME_Outputs/SQK-NBD114-24_barcode09_2_gene
********************************************************************************
CPU:		node122.inband
********************************************************************************
FINALTIME:	291.95 seconds
********************************************************************************
