********************************************************************************
STREME - Sensitive, Thorough, Rapid, Enriched Motif Elicitation
********************************************************************************
MEME version 5.5.8 (Release date: Thu May 15 15:01:46 2025 -0700)

For further information on how to interpret these results please access https://meme-suite.org/meme.
To get a copy of the MEME Suite software please access https://meme-suite.org.

********************************************************************************


********************************************************************************
REFERENCE
********************************************************************************
If you use this program in your research, please cite:

Timothy L. Bailey,
"STREME: accurate and versatile sequence motif discovery",
Bioinformatics, Mar. 24, 2021.
********************************************************************************


ALPHABET= ACGT

strands: + -

Background letter frequencies
A 0.195 C 0.305 G 0.305 T 0.195 

MOTIF 1-GATTCSNNNNNNN STREME-1
letter-probability matrix: alength= 4 w= 13 nsites= 895 E= 1.1e-120
 0.000006 0.000009 0.999980 0.000006
 0.999977 0.000009 0.000009 0.000006
 0.000006 0.290902 0.000009 0.709084
 0.000006 0.000009 0.000009 0.999977
 0.000006 0.999980 0.000009 0.000006
 0.133218 0.311119 0.392059 0.163605
 0.189909 0.292525 0.335755 0.181811
 0.243220 0.252348 0.285947 0.218485
 0.202670 0.307794 0.241566 0.247970
 0.225979 0.283271 0.273383 0.217368
 0.207807 0.266417 0.285151 0.240625
 0.222649 0.265129 0.301163 0.211060
 0.250985 0.271659 0.286486 0.190869

MOTIF 2-GAAGSSGSNANCTC STREME-2
letter-probability matrix: alength= 4 w= 14 nsites= 54 E= 1.5e-015
 0.000097 0.000152 0.999655 0.000097
 0.999600 0.000152 0.000152 0.000097
 0.999600 0.000152 0.000152 0.000097
 0.000097 0.000152 0.999655 0.000097
 0.000097 0.636640 0.363166 0.000097
 0.162028 0.470711 0.367164 0.000097
 0.237383 0.107692 0.511732 0.143193
 0.057844 0.478170 0.330745 0.133241
 0.237420 0.272414 0.304000 0.186166
 0.564855 0.152074 0.082117 0.200955
 0.296558 0.193047 0.213248 0.297148
 0.000097 0.999655 0.000152 0.000097
 0.000097 0.000152 0.000152 0.999600
 0.000097 0.999655 0.000152 0.000097

MOTIF 3-TCCANVNBNVCTTB STREME-3
letter-probability matrix: alength= 4 w= 14 nsites= 125 E= 1.4e-012
 0.000039 0.000061 0.000061 0.999840
 0.000039 0.999862 0.000061 0.000039
 0.000039 0.999862 0.000061 0.000039
 0.999840 0.000061 0.000061 0.000039
 0.257898 0.201700 0.271698 0.268704
 0.264614 0.225146 0.351795 0.158445
 0.271676 0.251778 0.239933 0.236613
 0.176200 0.360674 0.230492 0.232634
 0.241512 0.214901 0.350431 0.193155
 0.218417 0.340189 0.341905 0.099490
 0.000039 0.999862 0.000061 0.000039
 0.000039 0.000061 0.000061 0.999840
 0.000039 0.000061 0.000061 0.999840
 0.078559 0.401758 0.244264 0.275419

MOTIF 4-CCTATAGG STREME-4
letter-probability matrix: alength= 4 w= 8 nsites= 4 E= 8.0e-002
 0.017709 0.936836 0.027745 0.017709
 0.017709 0.936836 0.027745 0.017709
 0.017709 0.027745 0.027745 0.926800
 0.926800 0.027745 0.027745 0.017709
 0.017709 0.027745 0.027745 0.926800
 0.926800 0.027745 0.027745 0.017709
 0.017709 0.027745 0.936836 0.017709
 0.017709 0.027745 0.936836 0.017709

MOTIF 5-GAAGATGAVSCCTC STREME-5
letter-probability matrix: alength= 4 w= 14 nsites= 5 E= 7.0e+000
 0.000912 0.001429 0.996747 0.000912
 0.996230 0.001429 0.001429 0.000912
 0.996230 0.001429 0.001429 0.000912
 0.000912 0.001429 0.996747 0.000912
 0.996230 0.001429 0.001429 0.000912
 0.000912 0.001429 0.001429 0.996230
 0.210174 0.001429 0.787485 0.000912
 0.786968 0.001429 0.210691 0.000912
 0.419481 0.368916 0.210691 0.000912
 0.000912 0.578178 0.419998 0.000912
 0.000912 0.996747 0.001429 0.000912
 0.000912 0.996747 0.001429 0.000912
 0.000912 0.001429 0.001429 0.996230
 0.000912 0.996747 0.001429 0.000912

MOTIF 6-GAAGAGCSGCWCTC STREME-6
letter-probability matrix: alength= 4 w= 14 nsites= 3 E= 7.0e+000
 0.001442 0.002259 0.994857 0.001442
 0.994039 0.002259 0.002259 0.001442
 0.994039 0.002259 0.002259 0.001442
 0.001442 0.002259 0.994857 0.001442
 0.994039 0.002259 0.002259 0.001442
 0.001442 0.002259 0.994857 0.001442
 0.001442 0.994857 0.002259 0.001442
 0.001442 0.664014 0.333102 0.001442
 0.001442 0.002259 0.994857 0.001442
 0.001442 0.994857 0.002259 0.001442
 0.663197 0.002259 0.002259 0.332284
 0.001442 0.994857 0.002259 0.001442
 0.001442 0.002259 0.002259 0.994039
 0.001442 0.994857 0.002259 0.001442

MOTIF 7-MTCAGGCCGGABRSA STREME-7
letter-probability matrix: alength= 4 w= 15 nsites= 3 E= 7.0e+000
 0.332308 0.663991 0.002259 0.001442
 0.001442 0.002259 0.002259 0.994039
 0.001442 0.994856 0.002259 0.001442
 0.994039 0.002259 0.002259 0.001442
 0.001442 0.002259 0.994856 0.001442
 0.001442 0.002259 0.994856 0.001442
 0.001442 0.994856 0.002259 0.001442
 0.001442 0.994856 0.002259 0.001442
 0.001442 0.002259 0.994856 0.001442
 0.001442 0.002259 0.994856 0.001442
 0.994039 0.002259 0.002259 0.001442
 0.001442 0.333125 0.333125 0.332308
 0.663173 0.002259 0.333125 0.001442
 0.001442 0.333125 0.663991 0.001442
 0.994039 0.002259 0.002259 0.001442

********************************************************************************
Stopped because 3 consecutive motifs exceeded the p-value threshold (0.05).
********************************************************************************
COMMAND:	streme --dna --p data/STREME_Inputs/SQK-NBD114-24_barcode10_1_intergenic_pos.fasta --n data/STREME_Inputs/SQK-NBD114-24_barcode10_1_control.fasta --oc data/STREME_Outputs/SQK-NBD114-24_barcode10_1_intergenic
********************************************************************************
CPU:		node131
********************************************************************************
FINALTIME:	239.92 seconds
********************************************************************************
