********************************************************************************
STREME - Sensitive, Thorough, Rapid, Enriched Motif Elicitation
********************************************************************************
MEME version 5.5.8 (Release date: Thu May 15 15:01:46 2025 -0700)

For further information on how to interpret these results please access https://meme-suite.org/meme.
To get a copy of the MEME Suite software please access https://meme-suite.org.

********************************************************************************


********************************************************************************
REFERENCE
********************************************************************************
If you use this program in your research, please cite:

Timothy L. Bailey,
"STREME: accurate and versatile sequence motif discovery",
Bioinformatics, Mar. 24, 2021.
********************************************************************************


ALPHABET= ACGT

strands: + -

Background letter frequencies
A 0.195 C 0.305 G 0.305 T 0.195 

MOTIF 1-NVNBSGAWTCSVNBN STREME-1
letter-probability matrix: alength= 4 w= 15 nsites= 3473 E= 7.8e-424
 0.202934 0.304050 0.269246 0.223770
 0.200968 0.280641 0.348325 0.170066
 0.231635 0.320513 0.272632 0.175220
 0.159348 0.368466 0.263216 0.208970
 0.126426 0.370242 0.399121 0.104211
 0.000002 0.000003 0.999992 0.000002
 0.999991 0.000003 0.000003 0.000002
 0.394738 0.105262 0.105262 0.394738
 0.000002 0.000003 0.000003 0.999991
 0.000002 0.999992 0.000003 0.000002
 0.104211 0.399121 0.370242 0.126426
 0.208970 0.263216 0.368466 0.159348
 0.175220 0.272632 0.320513 0.231635
 0.170066 0.348325 0.280641 0.200968
 0.223770 0.269246 0.304050 0.202934

MOTIF 2-GAAGVSSNNVTGGA STREME-2
letter-probability matrix: alength= 4 w= 14 nsites= 714 E= 8.5e-066
 0.146848 0.230810 0.610600 0.011742
 0.999958 0.000016 0.000016 0.000010
 0.999958 0.000016 0.000016 0.000010
 0.000010 0.000016 0.999964 0.000010
 0.243563 0.309922 0.318574 0.127941
 0.155946 0.447864 0.273729 0.122461
 0.167839 0.275659 0.417350 0.139152
 0.214160 0.206953 0.289191 0.289696
 0.195753 0.251880 0.356259 0.196108
 0.259355 0.451296 0.228114 0.061235
 0.000010 0.000016 0.000016 0.999958
 0.000010 0.000016 0.999964 0.000010
 0.000010 0.000016 0.999964 0.000010
 0.999958 0.000016 0.000016 0.000010

MOTIF 3-AAGSBVNSVBCTC STREME-3
letter-probability matrix: alength= 4 w= 13 nsites= 445 E= 6.0e-044
 0.999931 0.000026 0.000026 0.000017
 0.999931 0.000026 0.000026 0.000017
 0.000017 0.000026 0.999940 0.000017
 0.192975 0.435010 0.223270 0.148745
 0.144960 0.408070 0.240807 0.206163
 0.192075 0.276296 0.355381 0.176248
 0.210180 0.226591 0.273424 0.289805
 0.151041 0.398896 0.303160 0.146903
 0.255804 0.216959 0.378157 0.149080
 0.095467 0.284777 0.355049 0.264707
 0.000017 0.999940 0.000026 0.000017
 0.000017 0.000026 0.000026 0.999931
 0.000017 0.999940 0.000026 0.000017

MOTIF 4-VTCCGGCCKGCRSS STREME-4
letter-probability matrix: alength= 4 w= 14 nsites= 31 E= 2.3e-001
 0.339711 0.228161 0.327792 0.104335
 0.231112 0.000344 0.035049 0.733494
 0.000220 0.999216 0.000344 0.000220
 0.000220 0.999216 0.000344 0.000220
 0.000220 0.000344 0.999216 0.000220
 0.000220 0.000344 0.999216 0.000220
 0.000220 0.999216 0.000344 0.000220
 0.000220 0.999216 0.000344 0.000220
 0.000220 0.000344 0.501318 0.498118
 0.000220 0.131605 0.833250 0.034925
 0.034925 0.706473 0.000344 0.258258
 0.305006 0.000344 0.590314 0.104335
 0.069630 0.486199 0.347395 0.096776
 0.139040 0.471097 0.320233 0.069630

MOTIF 5-GTAGGCCGA STREME-5
letter-probability matrix: alength= 4 w= 9 nsites= 3 E= 3.7e-001
 0.017709 0.027745 0.936836 0.017709
 0.017709 0.027745 0.027745 0.926800
 0.926800 0.027745 0.027745 0.017709
 0.017709 0.027745 0.936836 0.017709
 0.017709 0.027745 0.936836 0.017709
 0.017709 0.936836 0.027745 0.017709
 0.017709 0.936836 0.027745 0.017709
 0.017709 0.027745 0.936836 0.017709
 0.926800 0.027745 0.027745 0.017709

MOTIF 6-MSCCGGCCGGSK STREME-6
letter-probability matrix: alength= 4 w= 12 nsites= 6 E= 8.0e+000
 0.304292 0.542245 0.042543 0.110919
 0.088352 0.427508 0.441978 0.042162
 0.035568 0.962707 0.001053 0.000672
 0.035568 0.909664 0.054096 0.000672
 0.000672 0.001053 0.997603 0.000672
 0.000672 0.001053 0.997603 0.000672
 0.000672 0.997603 0.001053 0.000672
 0.000672 0.997603 0.001053 0.000672
 0.000672 0.054096 0.909664 0.035568
 0.000672 0.001053 0.962707 0.035568
 0.042162 0.441978 0.427508 0.088352
 0.110919 0.042543 0.542245 0.304292

MOTIF 7-GCGCCGGCCTTGB STREME-7
letter-probability matrix: alength= 4 w= 13 nsites= 4 E= 8.0e+000
 0.001824 0.228105 0.768246 0.001824
 0.001824 0.993493 0.002858 0.001824
 0.001824 0.002858 0.993493 0.001824
 0.001824 0.993493 0.002858 0.001824
 0.001824 0.993493 0.002858 0.001824
 0.001824 0.002858 0.993493 0.001824
 0.001824 0.002858 0.993493 0.001824
 0.001824 0.993493 0.002858 0.001824
 0.001824 0.993493 0.002858 0.001824
 0.001824 0.002858 0.002858 0.992460
 0.001824 0.002858 0.002858 0.992460
 0.001824 0.002858 0.993493 0.001824
 0.001824 0.417552 0.290829 0.289795

MOTIF 8-AGGCCGGCTTCCGCG STREME-8
letter-probability matrix: alength= 4 w= 15 nsites= 3 E= 8.0e+000
 0.926800 0.027745 0.027745 0.017709
 0.017709 0.027745 0.936836 0.017709
 0.017709 0.027745 0.936836 0.017709
 0.017709 0.936836 0.027745 0.017709
 0.017709 0.936836 0.027745 0.017709
 0.017709 0.027745 0.936836 0.017709
 0.017709 0.027745 0.936836 0.017709
 0.017709 0.936836 0.027745 0.017709
 0.017709 0.027745 0.027745 0.926800
 0.017709 0.027745 0.027745 0.926800
 0.017709 0.936836 0.027745 0.017709
 0.017709 0.936836 0.027745 0.017709
 0.017709 0.027745 0.936836 0.017709
 0.017709 0.936836 0.027745 0.017709
 0.017709 0.027745 0.936836 0.017709

********************************************************************************
Stopped because 3 consecutive motifs exceeded the p-value threshold (0.05).
********************************************************************************
COMMAND:	streme --dna --p data/STREME_Inputs/SQK-NBD114-24_barcode16_7_gene_pos.fasta --n data/STREME_Inputs/SQK-NBD114-24_barcode16_7_control.fasta --oc data/STREME_Outputs/SQK-NBD114-24_barcode16_7_gene
********************************************************************************
CPU:		node152
********************************************************************************
FINALTIME:	351.41 seconds
********************************************************************************
