********************************************************************************
STREME - Sensitive, Thorough, Rapid, Enriched Motif Elicitation
********************************************************************************
MEME version 5.5.8 (Release date: Thu May 15 15:01:46 2025 -0700)

For further information on how to interpret these results please access https://meme-suite.org/meme.
To get a copy of the MEME Suite software please access https://meme-suite.org.

********************************************************************************


********************************************************************************
REFERENCE
********************************************************************************
If you use this program in your research, please cite:

Timothy L. Bailey,
"STREME: accurate and versatile sequence motif discovery",
Bioinformatics, Mar. 24, 2021.
********************************************************************************


ALPHABET= ACGT

strands: + -

Background letter frequencies
A 0.195 C 0.305 G 0.305 T 0.195 

MOTIF 1-NVNBSGAWTCSVNBN STREME-1
letter-probability matrix: alength= 4 w= 15 nsites= 3137 E= 4.0e-389
 0.214532 0.312206 0.265155 0.208107
 0.209927 0.289376 0.334939 0.165758
 0.235517 0.322947 0.269091 0.172444
 0.157817 0.362555 0.277037 0.202591
 0.128358 0.379988 0.392812 0.098842
 0.000002 0.000004 0.999992 0.000002
 0.999991 0.000004 0.000004 0.000002
 0.382598 0.117402 0.117402 0.382598
 0.000002 0.000004 0.000004 0.999991
 0.000002 0.999992 0.000004 0.000002
 0.098842 0.392812 0.379988 0.128358
 0.202591 0.277037 0.362555 0.157817
 0.172444 0.269091 0.322947 0.235517
 0.165758 0.334939 0.289376 0.209927
 0.208107 0.265155 0.312206 0.214532

MOTIF 2-TCCASVNSSBCTTCV STREME-2
letter-probability matrix: alength= 4 w= 15 nsites= 639 E= 8.7e-076
 0.000011 0.000018 0.000018 0.999953
 0.000011 0.999960 0.000018 0.000011
 0.000011 0.999960 0.000018 0.000011
 0.999953 0.000018 0.000018 0.000011
 0.060020 0.236232 0.469180 0.234568
 0.224041 0.363910 0.238276 0.173773
 0.292198 0.264294 0.237987 0.205520
 0.137033 0.422225 0.284062 0.156681
 0.124234 0.279816 0.424246 0.171704
 0.128440 0.331848 0.288562 0.251150
 0.000011 0.999960 0.000018 0.000011
 0.000011 0.000018 0.000018 0.999953
 0.000011 0.000018 0.000018 0.999953
 0.007383 0.635708 0.221927 0.134983
 0.201719 0.279103 0.388688 0.130489

MOTIF 3-GAAGCSVNSNBCTC STREME-3
letter-probability matrix: alength= 4 w= 14 nsites= 249 E= 1.8e-016
 0.000027 0.000043 0.999902 0.000027
 0.999887 0.000043 0.000043 0.000027
 0.999887 0.000043 0.000043 0.000027
 0.000027 0.000043 0.999902 0.000027
 0.156541 0.452275 0.209990 0.181193
 0.186207 0.485894 0.327872 0.000027
 0.283777 0.254070 0.315077 0.147077
 0.214539 0.217119 0.196632 0.371710
 0.150585 0.404627 0.307674 0.137113
 0.282545 0.190288 0.332440 0.194727
 0.087190 0.288247 0.315959 0.308604
 0.000027 0.999902 0.000043 0.000027
 0.000027 0.000043 0.000043 0.999887
 0.000027 0.999902 0.000043 0.000027

MOTIF 4-CCGGCCTTGACG STREME-4
letter-probability matrix: alength= 4 w= 12 nsites= 12 E= 1.4e-002
 0.000738 0.997372 0.001152 0.000738
 0.000738 0.997372 0.001152 0.000738
 0.000738 0.001152 0.997372 0.000738
 0.000738 0.001152 0.997372 0.000738
 0.000738 0.997372 0.001152 0.000738
 0.000738 0.997372 0.001152 0.000738
 0.000738 0.120825 0.001152 0.877285
 0.000738 0.156700 0.001152 0.841410
 0.000738 0.001152 0.997372 0.000738
 0.877285 0.001152 0.120825 0.000738
 0.120411 0.703913 0.001152 0.174524
 0.000738 0.001152 0.997372 0.000738

MOTIF 5-CNCCGGCCGGNG STREME-5
letter-probability matrix: alength= 4 w= 12 nsites= 66 E= 9.7e-002
 0.145794 0.548601 0.219683 0.085923
 0.209400 0.212400 0.300834 0.277366
 0.000141 0.865302 0.134416 0.000141
 0.250643 0.748995 0.000220 0.000141
 0.000141 0.000220 0.999497 0.000141
 0.000141 0.000220 0.999497 0.000141
 0.000141 0.999497 0.000220 0.000141
 0.000141 0.999497 0.000220 0.000141
 0.000141 0.000220 0.748995 0.250643
 0.000141 0.134416 0.865302 0.000141
 0.277366 0.300834 0.212400 0.209400
 0.085923 0.219683 0.548601 0.145794

MOTIF 6-AAGSTGGCGSCTC STREME-6
letter-probability matrix: alength= 4 w= 13 nsites= 28 E= 9.7e-001
 0.999021 0.000371 0.000371 0.000238
 0.999021 0.000371 0.000371 0.000238
 0.000238 0.000371 0.999154 0.000238
 0.000238 0.553383 0.330614 0.115765
 0.115765 0.000371 0.077389 0.806475
 0.000238 0.308444 0.691081 0.000238
 0.115765 0.261767 0.622230 0.000238
 0.176323 0.484651 0.184749 0.154277
 0.000238 0.292102 0.707423 0.000238
 0.000238 0.462487 0.460017 0.077259
 0.000238 0.999154 0.000371 0.000238
 0.000238 0.000371 0.000371 0.999021
 0.000238 0.999154 0.000371 0.000238

MOTIF 7-GAAGRTTGCAACTC STREME-7
letter-probability matrix: alength= 4 w= 14 nsites= 7 E= 8.0e+000
 0.000904 0.001411 0.996780 0.000904
 0.996273 0.001411 0.001411 0.000904
 0.996273 0.001411 0.001411 0.000904
 0.000904 0.001411 0.996780 0.000904
 0.440821 0.001411 0.441339 0.116429
 0.147543 0.001411 0.001411 0.849635
 0.000904 0.294689 0.001411 0.702996
 0.000904 0.001411 0.881255 0.116429
 0.000904 0.703502 0.294689 0.000904
 0.702996 0.294689 0.001411 0.000904
 0.849635 0.148050 0.001411 0.000904
 0.000904 0.996780 0.001411 0.000904
 0.000904 0.001411 0.001411 0.996273
 0.000904 0.996780 0.001411 0.000904

MOTIF 8-ACGAATTGACCKCCG STREME-8
letter-probability matrix: alength= 4 w= 15 nsites= 5 E= 8.0e+000
 0.994329 0.002147 0.002147 0.001376
 0.001376 0.995100 0.002147 0.001376
 0.001376 0.002147 0.995100 0.001376
 0.994329 0.002147 0.002147 0.001376
 0.994329 0.002147 0.002147 0.001376
 0.001376 0.002147 0.002147 0.994329
 0.001376 0.002147 0.002147 0.994329
 0.001376 0.002147 0.995100 0.001376
 0.595397 0.225286 0.177940 0.001376
 0.001376 0.995100 0.002147 0.001376
 0.001376 0.771961 0.002147 0.224515
 0.177169 0.002147 0.373029 0.447654
 0.001376 0.995100 0.002147 0.001376
 0.001376 0.995100 0.002147 0.001376
 0.224515 0.177940 0.596168 0.001376

********************************************************************************
Stopped because 3 consecutive motifs exceeded the p-value threshold (0.05).
********************************************************************************
COMMAND:	streme --dna --p data/STREME_Inputs/SQK-NBD114-24_barcode17_7_gene_pos.fasta --n data/STREME_Inputs/SQK-NBD114-24_barcode17_7_control.fasta --oc data/STREME_Outputs/SQK-NBD114-24_barcode17_7_gene
********************************************************************************
CPU:		node152
********************************************************************************
FINALTIME:	261.39 seconds
********************************************************************************
