********************************************************************************
STREME - Sensitive, Thorough, Rapid, Enriched Motif Elicitation
********************************************************************************
MEME version 5.5.8 (Release date: Thu May 15 15:01:46 2025 -0700)

For further information on how to interpret these results please access https://meme-suite.org/meme.
To get a copy of the MEME Suite software please access https://meme-suite.org.

********************************************************************************


********************************************************************************
REFERENCE
********************************************************************************
If you use this program in your research, please cite:

Timothy L. Bailey,
"STREME: accurate and versatile sequence motif discovery",
Bioinformatics, Mar. 24, 2021.
********************************************************************************


ALPHABET= ACGT

strands: + -

Background letter frequencies
A 0.226 C 0.274 G 0.274 T 0.226 

MOTIF 1-NNNCCWGGNNN STREME-1
letter-probability matrix: alength= 4 w= 11 nsites= 1388 E= 1.3e-149
 0.212387 0.311799 0.222950 0.252864
 0.256490 0.257080 0.246555 0.239875
 0.213617 0.212558 0.316478 0.257347
 0.003123 0.996864 0.000007 0.000006
 0.000006 0.999980 0.000007 0.000006
 0.499993 0.000007 0.000007 0.499993
 0.000006 0.000007 0.999980 0.000006
 0.000006 0.000007 0.996864 0.003123
 0.257347 0.316478 0.212558 0.213617
 0.239875 0.246555 0.257080 0.256490
 0.252864 0.222950 0.311799 0.212387

MOTIF 2-NNNNNGAWTCNNNNN STREME-2
letter-probability matrix: alength= 4 w= 15 nsites= 1121 E= 1.2e-112
 0.294343 0.206952 0.310274 0.188431
 0.339665 0.170694 0.243305 0.246336
 0.276381 0.307551 0.189057 0.227011
 0.223829 0.273876 0.288101 0.214195
 0.229954 0.240604 0.314571 0.214872
 0.000007 0.000008 0.999979 0.000007
 0.999978 0.000008 0.000008 0.000007
 0.341927 0.158073 0.158073 0.341927
 0.000007 0.000008 0.000008 0.999978
 0.000007 0.999979 0.000008 0.000007
 0.214872 0.314571 0.240604 0.229954
 0.214195 0.288101 0.273876 0.223829
 0.227011 0.189057 0.307551 0.276381
 0.246336 0.243305 0.170694 0.339665
 0.188431 0.310274 0.206952 0.294343

MOTIF 3-GGAGGNNVNVATGA STREME-3
letter-probability matrix: alength= 4 w= 14 nsites= 299 E= 7.1e-040
 0.115450 0.205246 0.591545 0.087759
 0.000029 0.000035 0.999908 0.000029
 0.999902 0.000035 0.000035 0.000029
 0.000029 0.000035 0.999908 0.000029
 0.214417 0.207183 0.490291 0.088110
 0.299431 0.224979 0.227335 0.248255
 0.214440 0.235134 0.205115 0.345311
 0.319853 0.201253 0.319187 0.159707
 0.237284 0.265592 0.200502 0.296622
 0.243472 0.344118 0.287128 0.125282
 0.711354 0.000035 0.288583 0.000029
 0.000029 0.000035 0.000035 0.999902
 0.000029 0.000035 0.999908 0.000029
 0.999902 0.000035 0.000035 0.000029

MOTIF 4-CCAGHNMHHBGTC STREME-4
letter-probability matrix: alength= 4 w= 13 nsites= 71 E= 1.3e-006
 0.016013 0.983763 0.000123 0.000102
 0.000102 0.999673 0.000123 0.000102
 0.999652 0.000123 0.000123 0.000102
 0.000102 0.000123 0.999673 0.000102
 0.439594 0.281683 0.044804 0.233918
 0.278627 0.261409 0.183156 0.276808
 0.493486 0.506289 0.000123 0.000102
 0.443946 0.233940 0.000123 0.321991
 0.219809 0.382002 0.000123 0.398066
 0.047836 0.308653 0.412620 0.230891
 0.000102 0.000123 0.999673 0.000102
 0.000102 0.000123 0.000123 0.999652
 0.000102 0.999673 0.000123 0.000102

MOTIF 5-CCAGAASGAVGTCA STREME-5
letter-probability matrix: alength= 4 w= 14 nsites= 14 E= 2.2e-002
 0.000564 0.998190 0.000682 0.000564
 0.000564 0.998190 0.000682 0.000564
 0.998072 0.000682 0.000682 0.000564
 0.000564 0.000682 0.998190 0.000564
 0.998072 0.000682 0.000682 0.000564
 0.689048 0.000682 0.133356 0.176914
 0.000564 0.486056 0.336465 0.176914
 0.265085 0.000682 0.733669 0.000564
 0.733552 0.000682 0.000682 0.265085
 0.424527 0.309706 0.265202 0.000564
 0.000564 0.000682 0.998190 0.000564
 0.000564 0.000682 0.000682 0.998072
 0.000564 0.998190 0.000682 0.000564
 0.689048 0.309706 0.000682 0.000564

MOTIF 6-AAAGAGTA STREME-6
letter-probability matrix: alength= 4 w= 8 nsites= 7 E= 2.2e-002
 0.929673 0.024873 0.024873 0.020582
 0.929673 0.024873 0.024873 0.020582
 0.929673 0.024873 0.024873 0.020582
 0.020582 0.024873 0.933964 0.020582
 0.929673 0.024873 0.024873 0.020582
 0.020582 0.024873 0.933964 0.020582
 0.020582 0.024873 0.024873 0.929673
 0.929673 0.024873 0.024873 0.020582

MOTIF 7-CCAGYCGCATGTC STREME-7
letter-probability matrix: alength= 4 w= 13 nsites= 11 E= 9.0e+000
 0.000597 0.998086 0.000721 0.000597
 0.000597 0.998086 0.000721 0.000597
 0.997961 0.000721 0.000721 0.000597
 0.000597 0.000721 0.998086 0.000597
 0.187107 0.531814 0.000721 0.280358
 0.251919 0.560253 0.000721 0.187107
 0.000597 0.000721 0.811575 0.187107
 0.093847 0.904835 0.000721 0.000597
 0.997961 0.000721 0.000721 0.000597
 0.187107 0.000721 0.158793 0.653379
 0.000597 0.000721 0.998086 0.000597
 0.000597 0.000721 0.000721 0.997961
 0.000597 0.998086 0.000721 0.000597

MOTIF 8-CCAGCATCSCGTCC STREME-8
letter-probability matrix: alength= 4 w= 14 nsites= 11 E= 9.0e+000
 0.000757 0.997571 0.000915 0.000757
 0.000757 0.997571 0.000915 0.000757
 0.997414 0.000915 0.000915 0.000757
 0.000757 0.000915 0.997571 0.000757
 0.000757 0.901958 0.096528 0.000757
 0.997414 0.000915 0.000915 0.000757
 0.000757 0.000915 0.192141 0.806187
 0.119056 0.783659 0.096528 0.000757
 0.000757 0.524364 0.474122 0.000757
 0.214669 0.547050 0.237524 0.000757
 0.000757 0.000915 0.997571 0.000757
 0.000757 0.000915 0.000915 0.997414
 0.000757 0.997571 0.000915 0.000757
 0.119056 0.688046 0.192141 0.000757

MOTIF 9-CTCCCGTMGRWGT STREME-9
letter-probability matrix: alength= 4 w= 13 nsites= 5 E= 9.0e+000
 0.001378 0.995578 0.001665 0.001378
 0.001378 0.001665 0.001665 0.995291
 0.001378 0.995578 0.001665 0.001378
 0.001378 0.995578 0.001665 0.001378
 0.001378 0.995578 0.001665 0.001378
 0.001378 0.001665 0.995578 0.001378
 0.001378 0.001665 0.001665 0.995291
 0.564522 0.432435 0.001665 0.001378
 0.001378 0.001665 0.995578 0.001378
 0.432147 0.001665 0.564809 0.001378
 0.564522 0.001665 0.001665 0.432147
 0.001378 0.001665 0.995578 0.001378
 0.001378 0.001665 0.001665 0.995291

********************************************************************************
Stopped because 3 consecutive motifs exceeded the p-value threshold (0.05).
********************************************************************************
COMMAND:	streme --dna --p data/STREME_Inputs/SQK-NBD114-24_barcode08_2_intergenic_pos.fasta --n data/STREME_Inputs/SQK-NBD114-24_barcode08_2_control.fasta --oc data/STREME_Outputs/SQK-NBD114-24_barcode08_2_intergenic
********************************************************************************
CPU:		node073
********************************************************************************
FINALTIME:	415.29 seconds
********************************************************************************
