********************************************************************************
STREME - Sensitive, Thorough, Rapid, Enriched Motif Elicitation
********************************************************************************
MEME version 5.5.8 (Release date: Thu May 15 15:01:46 2025 -0700)

For further information on how to interpret these results please access https://meme-suite.org/meme.
To get a copy of the MEME Suite software please access https://meme-suite.org.

********************************************************************************


********************************************************************************
REFERENCE
********************************************************************************
If you use this program in your research, please cite:

Timothy L. Bailey,
"STREME: accurate and versatile sequence motif discovery",
Bioinformatics, Mar. 24, 2021.
********************************************************************************


ALPHABET= ACGT

strands: + -

Background letter frequencies
A 0.277 C 0.223 G 0.223 T 0.277 

MOTIF 1-DNNNWGATCWNNNH STREME-1
letter-probability matrix: alength= 4 w= 14 nsites= 2700 E= 1.1e-313
 0.364882 0.157325 0.264868 0.212925
 0.289907 0.187872 0.214200 0.308021
 0.317639 0.209167 0.200096 0.273098
 0.281345 0.199792 0.237760 0.281102
 0.258638 0.193969 0.157215 0.390179
 0.000003 0.000003 0.999990 0.000003
 0.999991 0.000003 0.000003 0.000003
 0.000003 0.000003 0.000003 0.999991
 0.000003 0.999990 0.000003 0.000003
 0.390179 0.157215 0.193969 0.258638
 0.281102 0.237760 0.199792 0.281345
 0.273098 0.200096 0.209167 0.317639
 0.308021 0.214200 0.187872 0.289907
 0.212925 0.264868 0.157325 0.364882

MOTIF 2-CAAYRNNNYRTTG STREME-2
letter-probability matrix: alength= 4 w= 13 nsites= 167 E= 3.9e-029
 0.000072 0.999797 0.000058 0.000072
 0.995306 0.000058 0.000058 0.004577
 0.999811 0.000058 0.000058 0.000072
 0.000072 0.411352 0.000058 0.588517
 0.440337 0.159570 0.282098 0.117995
 0.226438 0.277774 0.189170 0.306617
 0.215950 0.284050 0.284050 0.215950
 0.306617 0.189170 0.277774 0.226438
 0.117995 0.282098 0.159570 0.440337
 0.588517 0.000058 0.411352 0.000072
 0.000072 0.000058 0.000058 0.999811
 0.004577 0.000058 0.000058 0.995306
 0.000072 0.000058 0.999797 0.000072

MOTIF 3-AGCKBHDYGATG STREME-3
letter-probability matrix: alength= 4 w= 12 nsites= 109 E= 1.0e-013
 0.999726 0.000085 0.000085 0.000105
 0.000105 0.000085 0.999706 0.000105
 0.000105 0.999706 0.000085 0.000105
 0.150029 0.151456 0.398638 0.299876
 0.150029 0.386032 0.217752 0.246187
 0.311408 0.221828 0.132868 0.333895
 0.325963 0.109324 0.267366 0.297346
 0.000105 0.378158 0.000085 0.621653
 0.000105 0.000085 0.999706 0.000105
 0.999726 0.000085 0.000085 0.000105
 0.000105 0.000085 0.000085 0.999726
 0.000105 0.000085 0.999706 0.000105

MOTIF 4-GRAGTACTYC STREME-4
letter-probability matrix: alength= 4 w= 10 nsites= 32 E= 2.5e-006
 0.000709 0.198565 0.705144 0.095582
 0.499427 0.170929 0.328935 0.000709
 0.998145 0.000573 0.000573 0.000709
 0.000709 0.000573 0.998009 0.000709
 0.000709 0.000573 0.000573 0.998145
 0.998145 0.000573 0.000573 0.000709
 0.000709 0.998009 0.000573 0.000709
 0.000709 0.000573 0.000573 0.998145
 0.000709 0.328935 0.170929 0.499427
 0.095582 0.705144 0.198565 0.000709

MOTIF 5-TTGATADNHDRTTCA STREME-5
letter-probability matrix: alength= 4 w= 15 nsites= 95 E= 7.1e-006
 0.198551 0.200745 0.197222 0.403482
 0.196329 0.191517 0.146604 0.465549
 0.000090 0.000073 0.999746 0.000090
 0.988492 0.000073 0.011344 0.000090
 0.000090 0.318993 0.000073 0.680843
 0.580304 0.000073 0.164714 0.254909
 0.385337 0.000073 0.227918 0.386672
 0.263964 0.245832 0.183771 0.306434
 0.268393 0.208327 0.164715 0.358566
 0.270438 0.142174 0.243620 0.343769
 0.392574 0.000073 0.607262 0.000090
 0.000090 0.000073 0.000073 0.999763
 0.000090 0.000073 0.000073 0.999763
 0.000090 0.999746 0.000073 0.000090
 0.999763 0.000073 0.000073 0.000090

MOTIF 6-YGATGMTGHATTCAG STREME-6
letter-probability matrix: alength= 4 w= 15 nsites= 9 E= 2.9e-001
 0.001000 0.623545 0.000807 0.374647
 0.001000 0.000807 0.997193 0.001000
 0.997385 0.000807 0.000807 0.001000
 0.001000 0.000807 0.000807 0.997385
 0.001000 0.000807 0.997193 0.001000
 0.623738 0.374455 0.000807 0.001000
 0.001000 0.000807 0.125353 0.872840
 0.125545 0.000807 0.748102 0.125545
 0.250102 0.374455 0.125353 0.250090
 0.997385 0.000807 0.000807 0.001000
 0.001000 0.000807 0.000807 0.997385
 0.001000 0.000807 0.000807 0.997385
 0.001000 0.997193 0.000807 0.001000
 0.997385 0.000807 0.000807 0.001000
 0.001000 0.125353 0.748102 0.125545

MOTIF 7-CATCTTYTWGCT STREME-7
letter-probability matrix: alength= 4 w= 12 nsites= 26 E= 9.0e+000
 0.000312 0.999123 0.000252 0.000312
 0.999183 0.000252 0.000252 0.000312
 0.000312 0.000252 0.000252 0.999183
 0.000312 0.999123 0.000252 0.000312
 0.000312 0.000252 0.000252 0.999183
 0.182815 0.257317 0.000252 0.559616
 0.031574 0.381698 0.143725 0.443004
 0.226123 0.143725 0.000252 0.629900
 0.447405 0.000252 0.187145 0.365197
 0.000312 0.000252 0.999123 0.000312
 0.000312 0.999123 0.000252 0.000312
 0.000312 0.000252 0.000252 0.999183

MOTIF 8-GACAAMAAAMTATC STREME-8
letter-probability matrix: alength= 4 w= 14 nsites= 7 E= 9.0e+000
 0.001175 0.000949 0.996701 0.001175
 0.996927 0.000949 0.000949 0.001175
 0.001175 0.996701 0.000949 0.001175
 0.879332 0.000949 0.000949 0.118771
 0.996927 0.000949 0.000949 0.001175
 0.557849 0.293672 0.000949 0.147530
 0.704218 0.000949 0.147304 0.147530
 0.732977 0.000949 0.000949 0.265125
 0.704204 0.293672 0.000949 0.001175
 0.411480 0.586396 0.000949 0.001175
 0.001175 0.000949 0.000949 0.996927
 0.996927 0.000949 0.000949 0.001175
 0.001175 0.000949 0.000949 0.996927
 0.001175 0.996701 0.000949 0.001175

MOTIF 9-CATCCRCARGCT STREME-9
letter-probability matrix: alength= 4 w= 12 nsites= 4 E= 9.0e+000
 0.001992 0.994406 0.001609 0.001992
 0.994789 0.001609 0.001609 0.001992
 0.001992 0.001609 0.001609 0.994789
 0.001992 0.994406 0.001609 0.001992
 0.001992 0.994406 0.001609 0.001992
 0.498391 0.001609 0.498008 0.001992
 0.001992 0.994406 0.001609 0.001992
 0.994789 0.001609 0.001609 0.001992
 0.498391 0.001609 0.498008 0.001992
 0.001992 0.001609 0.994406 0.001992
 0.001992 0.994406 0.001609 0.001992
 0.001992 0.001609 0.001609 0.994789

********************************************************************************
Stopped because 3 consecutive motifs exceeded the p-value threshold (0.05).
********************************************************************************
COMMAND:	streme --dna --p data/STREME_Inputs/SQK-NBD114-24_barcode22_3_intergenic_pos.fasta --n data/STREME_Inputs/SQK-NBD114-24_barcode22_3_control.fasta --oc data/STREME_Outputs/SQK-NBD114-24_barcode22_3_intergenic
********************************************************************************
CPU:		node146
********************************************************************************
FINALTIME:	333.52 seconds
********************************************************************************
