********************************************************************************
STREME - Sensitive, Thorough, Rapid, Enriched Motif Elicitation
********************************************************************************
MEME version 5.5.8 (Release date: Thu May 15 15:01:46 2025 -0700)

For further information on how to interpret these results please access https://meme-suite.org/meme.
To get a copy of the MEME Suite software please access https://meme-suite.org.

********************************************************************************


********************************************************************************
REFERENCE
********************************************************************************
If you use this program in your research, please cite:

Timothy L. Bailey,
"STREME: accurate and versatile sequence motif discovery",
Bioinformatics, Mar. 24, 2021.
********************************************************************************


ALPHABET= ACGT

strands: + -

Background letter frequencies
A 0.217 C 0.283 G 0.283 T 0.217 

MOTIF 1-NNGTSSACNN STREME-1
letter-probability matrix: alength= 4 w= 10 nsites= 124 E= 8.8e-018
 0.299669 0.214979 0.208444 0.276908
 0.237394 0.259882 0.190911 0.311812
 0.021748 0.020392 0.957793 0.000067
 0.000067 0.000088 0.000088 0.999757
 0.000067 0.499933 0.499933 0.000067
 0.000067 0.499933 0.499933 0.000067
 0.999757 0.000088 0.000088 0.000067
 0.000067 0.957793 0.020392 0.021748
 0.311812 0.190911 0.259882 0.237394
 0.276908 0.208444 0.214979 0.299669

MOTIF 2-AGAWYYHNGRTAAH STREME-2
letter-probability matrix: alength= 4 w= 14 nsites= 38 E= 2.5e-008
 0.999548 0.000163 0.000163 0.000126
 0.000126 0.000163 0.999585 0.000126
 0.999548 0.000163 0.000163 0.000126
 0.429194 0.000163 0.184057 0.386586
 0.214653 0.329309 0.000163 0.455875
 0.122713 0.478564 0.153397 0.245326
 0.306619 0.390589 0.000163 0.302628
 0.176037 0.333300 0.245338 0.245326
 0.184019 0.149419 0.574496 0.092066
 0.459840 0.000163 0.539871 0.000126
 0.000126 0.000163 0.000163 0.999548
 0.999548 0.000163 0.000163 0.000126
 0.999548 0.000163 0.000163 0.000126
 0.267977 0.367938 0.000163 0.363922

MOTIF 3-WNMHGGATCCDKNW STREME-3
letter-probability matrix: alength= 4 w= 14 nsites= 63 E= 9.8e-006
 0.396073 0.183174 0.190361 0.230392
 0.238190 0.199643 0.305158 0.257008
 0.216076 0.428817 0.190836 0.164272
 0.231205 0.373783 0.128057 0.266955
 0.000072 0.000094 0.999762 0.000072
 0.000072 0.000094 0.999762 0.000072
 0.999740 0.000094 0.000094 0.000072
 0.000072 0.000094 0.000094 0.999740
 0.000072 0.999762 0.000094 0.000072
 0.000072 0.999762 0.000094 0.000072
 0.266955 0.128057 0.373783 0.231205
 0.164272 0.190836 0.428817 0.216076
 0.257008 0.305158 0.199643 0.238190
 0.230392 0.190361 0.183174 0.396073

MOTIF 4-RCTGGGCCDHN STREME-4
letter-probability matrix: alength= 4 w= 11 nsites= 50 E= 2.3e-004
 0.249116 0.185829 0.418761 0.146294
 0.000098 0.999678 0.000127 0.000098
 0.000098 0.000127 0.000127 0.999649
 0.000098 0.000127 0.999678 0.000098
 0.000098 0.000127 0.999678 0.000098
 0.000098 0.000127 0.999678 0.000098
 0.000098 0.999678 0.000127 0.000098
 0.000098 0.999678 0.000127 0.000098
 0.333675 0.068418 0.317590 0.280317
 0.347089 0.207894 0.123589 0.321428
 0.184367 0.275200 0.229528 0.310906

MOTIF 5-TACGAACCA STREME-5
letter-probability matrix: alength= 4 w= 9 nsites= 4 E= 1.2e-001
 0.019755 0.025700 0.025700 0.928845
 0.928845 0.025700 0.025700 0.019755
 0.019755 0.934791 0.025700 0.019755
 0.019755 0.025700 0.934791 0.019755
 0.928845 0.025700 0.025700 0.019755
 0.928845 0.025700 0.025700 0.019755
 0.019755 0.934791 0.025700 0.019755
 0.019755 0.934791 0.025700 0.019755
 0.928845 0.025700 0.025700 0.019755

MOTIF 6-AGACGWKYWGTAAR STREME-6
letter-probability matrix: alength= 4 w= 14 nsites= 11 E= 8.0e+000
 0.998476 0.000551 0.000551 0.000423
 0.000423 0.000551 0.998603 0.000423
 0.998476 0.000551 0.000551 0.000423
 0.206972 0.688779 0.000551 0.103698
 0.000423 0.103825 0.895329 0.000423
 0.585378 0.000551 0.000551 0.413521
 0.000423 0.000551 0.516966 0.482060
 0.000423 0.289088 0.207100 0.503389
 0.392235 0.000551 0.103825 0.503389
 0.185686 0.000551 0.813340 0.000423
 0.000423 0.000551 0.000551 0.998476
 0.998476 0.000551 0.000551 0.000423
 0.998476 0.000551 0.000551 0.000423
 0.620114 0.000551 0.378913 0.000423

MOTIF 7-ACGTCGBCGYV STREME-7
letter-probability matrix: alength= 4 w= 11 nsites= 13 E= 8.0e+000
 0.999074 0.000334 0.000334 0.000257
 0.000257 0.999152 0.000334 0.000257
 0.000257 0.000334 0.999152 0.000257
 0.000257 0.000334 0.000334 0.999074
 0.000257 0.936423 0.000334 0.062985
 0.000257 0.112862 0.886624 0.000257
 0.000257 0.265864 0.453998 0.279881
 0.000257 0.944592 0.054894 0.000257
 0.054816 0.314029 0.630898 0.000257
 0.112785 0.292904 0.042016 0.552295
 0.334483 0.363828 0.203067 0.098622

MOTIF 8-AGAGGTGCNATAAT STREME-8
letter-probability matrix: alength= 4 w= 14 nsites= 6 E= 8.0e+000
 0.997403 0.000938 0.000938 0.000721
 0.000721 0.000938 0.997620 0.000721
 0.997403 0.000938 0.000938 0.000721
 0.000721 0.000938 0.821659 0.176682
 0.293486 0.000938 0.704855 0.000721
 0.000721 0.176899 0.000938 0.821442
 0.000721 0.000938 0.821659 0.176682
 0.000721 0.997620 0.000938 0.000721
 0.293486 0.352933 0.176899 0.176682
 0.704638 0.000938 0.293703 0.000721
 0.000721 0.000938 0.000938 0.997403
 0.997403 0.000938 0.000938 0.000721
 0.997403 0.000938 0.000938 0.000721
 0.000721 0.176899 0.000938 0.821442

********************************************************************************
Stopped because 3 consecutive motifs exceeded the p-value threshold (0.05).
********************************************************************************
COMMAND:	streme --dna --p data/STREME_Inputs/SQK-NBD114-24_barcode18_5_intergenic_pos.fasta --n data/STREME_Inputs/SQK-NBD114-24_barcode18_5_control.fasta --oc data/STREME_Outputs/SQK-NBD114-24_barcode18_5_intergenic
********************************************************************************
CPU:		node146
********************************************************************************
FINALTIME:	255.17 seconds
********************************************************************************
