********************************************************************************
STREME - Sensitive, Thorough, Rapid, Enriched Motif Elicitation
********************************************************************************
MEME version 5.5.8 (Release date: Thu May 15 15:01:46 2025 -0700)

For further information on how to interpret these results please access https://meme-suite.org/meme.
To get a copy of the MEME Suite software please access https://meme-suite.org.

********************************************************************************


********************************************************************************
REFERENCE
********************************************************************************
If you use this program in your research, please cite:

Timothy L. Bailey,
"STREME: accurate and versatile sequence motif discovery",
Bioinformatics, Mar. 24, 2021.
********************************************************************************


ALPHABET= ACGT

strands: + -

Background letter frequencies
A 0.226 C 0.274 G 0.274 T 0.226 

MOTIF 1-NNNNNCCWGGNNNNN STREME-1
letter-probability matrix: alength= 4 w= 15 nsites= 8294 E= 3.4e-722
 0.222091 0.282226 0.287654 0.208029
 0.255725 0.256031 0.227387 0.260857
 0.189705 0.312788 0.258760 0.238746
 0.260912 0.189219 0.308729 0.241140
 0.199653 0.221002 0.336675 0.242670
 0.000002 0.999995 0.000002 0.000002
 0.000002 0.999995 0.000002 0.000002
 0.499998 0.000002 0.000002 0.499998
 0.000002 0.000002 0.999995 0.000002
 0.000002 0.000002 0.999995 0.000002
 0.242670 0.336675 0.221002 0.199653
 0.241140 0.308729 0.189219 0.260912
 0.238746 0.258760 0.312788 0.189705
 0.260857 0.227387 0.256031 0.255725
 0.208029 0.287654 0.282226 0.222091

MOTIF 2-NNNBNGAWTCNVNNN STREME-2
letter-probability matrix: alength= 4 w= 15 nsites= 4130 E= 6.3e-263
 0.206696 0.285104 0.245321 0.262880
 0.270302 0.222968 0.282393 0.224337
 0.238482 0.334015 0.217523 0.209981
 0.186929 0.382337 0.239131 0.191602
 0.220947 0.219562 0.355730 0.203761
 0.000003 0.000004 0.999990 0.000003
 0.999989 0.000004 0.000004 0.000003
 0.387798 0.112202 0.112202 0.387798
 0.000003 0.000004 0.000004 0.999989
 0.000003 0.999990 0.000004 0.000003
 0.203761 0.355730 0.219562 0.220947
 0.191602 0.239131 0.382337 0.186929
 0.209981 0.217523 0.334015 0.238482
 0.224337 0.282393 0.222968 0.270302
 0.262880 0.245321 0.285104 0.206696

MOTIF 3-CCAGHWBVHBGTCR STREME-3
letter-probability matrix: alength= 4 w= 14 nsites= 1391 E= 5.5e-108
 0.000009 0.999970 0.000011 0.000009
 0.000009 0.999970 0.000011 0.000009
 0.999968 0.000011 0.000011 0.000009
 0.000009 0.000011 0.999970 0.000009
 0.376907 0.385558 0.037841 0.199695
 0.382068 0.162600 0.182397 0.272935
 0.163961 0.356840 0.247817 0.231381
 0.256533 0.308299 0.312995 0.122173
 0.239977 0.263813 0.155366 0.340844
 0.084011 0.318302 0.291763 0.305923
 0.000009 0.000011 0.999970 0.000009
 0.000009 0.000011 0.000011 0.999968
 0.000009 0.999970 0.000011 0.000009
 0.395675 0.170052 0.359920 0.074353

MOTIF 4-GAGGNBNNSRTGA STREME-4
letter-probability matrix: alength= 4 w= 13 nsites= 759 E= 6.5e-055
 0.000020 0.000024 0.999937 0.000020
 0.999933 0.000024 0.000024 0.000020
 0.000020 0.000024 0.999937 0.000020
 0.207805 0.227258 0.466803 0.098134
 0.222243 0.309601 0.195854 0.272302
 0.181173 0.366453 0.259610 0.192763
 0.285486 0.210313 0.273913 0.230287
 0.180377 0.287893 0.224379 0.307350
 0.120985 0.365732 0.354101 0.159182
 0.574752 0.000024 0.425205 0.000020
 0.000020 0.000024 0.000024 0.999933
 0.000020 0.000024 0.999937 0.000020
 0.999933 0.000024 0.000024 0.000020

MOTIF 5-WCCAGGTGATCMS STREME-5
letter-probability matrix: alength= 4 w= 13 nsites= 5 E= 7.0e+000
 0.398329 0.002633 0.002633 0.596405
 0.002179 0.993010 0.002633 0.002179
 0.002179 0.993010 0.002633 0.002179
 0.992555 0.002633 0.002633 0.002179
 0.002179 0.002633 0.993010 0.002179
 0.002179 0.002633 0.993010 0.002179
 0.002179 0.002633 0.200708 0.794480
 0.002179 0.002633 0.993010 0.002179
 0.992555 0.002633 0.002633 0.002179
 0.002179 0.002633 0.002633 0.992555
 0.002179 0.993010 0.002633 0.002179
 0.596405 0.398784 0.002633 0.002179
 0.002179 0.398784 0.596859 0.002179

MOTIF 6-CCTGGCGATCC STREME-6
letter-probability matrix: alength= 4 w= 11 nsites= 4 E= 7.0e+000
 0.003212 0.989693 0.003882 0.003212
 0.003212 0.989693 0.003882 0.003212
 0.003212 0.003882 0.003882 0.989023
 0.003212 0.003882 0.989693 0.003212
 0.003212 0.003882 0.989693 0.003212
 0.003212 0.989693 0.003882 0.003212
 0.003212 0.003882 0.989693 0.003212
 0.696972 0.003882 0.003882 0.295264
 0.003212 0.003882 0.003882 0.989023
 0.003212 0.989693 0.003882 0.003212
 0.003212 0.989693 0.003882 0.003212

MOTIF 7-GAATCGATATYRSM STREME-7
letter-probability matrix: alength= 4 w= 14 nsites= 3 E= 7.0e+000
 0.003608 0.004360 0.988424 0.003608
 0.987672 0.004360 0.004360 0.003608
 0.987672 0.004360 0.004360 0.003608
 0.003608 0.004360 0.004360 0.987672
 0.003608 0.988424 0.004360 0.003608
 0.003608 0.004360 0.988424 0.003608
 0.987672 0.004360 0.004360 0.003608
 0.003608 0.004360 0.004360 0.987672
 0.987672 0.004360 0.004360 0.003608
 0.003608 0.004360 0.004360 0.987672
 0.003608 0.660403 0.004360 0.331629
 0.331629 0.004360 0.660403 0.003608
 0.003608 0.660403 0.332381 0.003608
 0.659650 0.332381 0.004360 0.003608

********************************************************************************
Stopped because 3 consecutive motifs exceeded the p-value threshold (0.05).
********************************************************************************
COMMAND:	streme --dna --p data/STREME_Inputs/SQK-NBD114-24_barcode17_1_gene_pos.fasta --n data/STREME_Inputs/SQK-NBD114-24_barcode17_1_control.fasta --oc data/STREME_Outputs/SQK-NBD114-24_barcode17_1_gene
********************************************************************************
CPU:		node073
********************************************************************************
FINALTIME:	489.96 seconds
********************************************************************************
