********************************************************************************
STREME - Sensitive, Thorough, Rapid, Enriched Motif Elicitation
********************************************************************************
MEME version 5.5.8 (Release date: Thu May 15 15:01:46 2025 -0700)

For further information on how to interpret these results please access https://meme-suite.org/meme.
To get a copy of the MEME Suite software please access https://meme-suite.org.

********************************************************************************


********************************************************************************
REFERENCE
********************************************************************************
If you use this program in your research, please cite:

Timothy L. Bailey,
"STREME: accurate and versatile sequence motif discovery",
Bioinformatics, Mar. 24, 2021.
********************************************************************************


ALPHABET= ACGT

strands: + -

Background letter frequencies
A 0.277 C 0.223 G 0.223 T 0.277 

MOTIF 1-RHWDWGATCRVNHHN STREME-1
letter-probability matrix: alength= 4 w= 15 nsites= 1136 E= 8.3e-158
 0.420790 0.203283 0.251908 0.124019
 0.383061 0.255369 0.105182 0.256389
 0.444603 0.117161 0.182537 0.255699
 0.388123 0.177855 0.220175 0.213847
 0.403737 0.088417 0.182709 0.325137
 0.000007 0.000006 0.999981 0.000007
 0.999982 0.000006 0.000006 0.000007
 0.000007 0.000006 0.000006 0.999982
 0.000007 0.998921 0.001065 0.000007
 0.434493 0.179121 0.243669 0.142717
 0.354868 0.268740 0.216257 0.160136
 0.267484 0.242104 0.278883 0.211529
 0.359820 0.291155 0.134935 0.214090
 0.390336 0.200184 0.180227 0.229253
 0.310067 0.221954 0.187989 0.279990

MOTIF 2-CATCWHHDNGCT STREME-2
letter-probability matrix: alength= 4 w= 12 nsites= 73 E= 1.1e-006
 0.000125 0.999648 0.000101 0.000125
 0.999672 0.000101 0.000101 0.000125
 0.000125 0.000101 0.000101 0.999672
 0.000125 0.999648 0.000101 0.000125
 0.490580 0.035835 0.214510 0.259075
 0.316051 0.257757 0.072856 0.353335
 0.413165 0.212166 0.107307 0.267361
 0.303095 0.092278 0.267870 0.336756
 0.241490 0.288568 0.225133 0.244808
 0.000125 0.000101 0.999648 0.000125
 0.000125 0.999648 0.000101 0.000125
 0.000125 0.000101 0.000101 0.999672

MOTIF 3-KCAATGCGCTRTTG STREME-3
letter-probability matrix: alength= 4 w= 14 nsites= 16 E= 1.5e-003
 0.000496 0.000399 0.646823 0.352282
 0.000496 0.998610 0.000399 0.000496
 0.998706 0.000399 0.000399 0.000496
 0.998706 0.000399 0.000399 0.000496
 0.000496 0.230520 0.000399 0.768585
 0.000496 0.129363 0.671264 0.198878
 0.000496 0.792944 0.000399 0.206161
 0.000496 0.230520 0.768489 0.000496
 0.000496 0.666306 0.000399 0.332799
 0.000496 0.000399 0.307222 0.691883
 0.364523 0.000399 0.634582 0.000496
 0.000496 0.000399 0.000399 0.998706
 0.000496 0.000399 0.000399 0.998706
 0.000496 0.000399 0.998610 0.000496

MOTIF 4-AAYKATWARTTG STREME-4
letter-probability matrix: alength= 4 w= 12 nsites= 16 E= 1.1e-001
 0.998705 0.000400 0.000400 0.000496
 0.998705 0.000400 0.000400 0.000496
 0.000496 0.653866 0.000400 0.345239
 0.100305 0.000400 0.575382 0.323913
 0.998705 0.000400 0.000400 0.000496
 0.000496 0.077146 0.000400 0.921959
 0.445049 0.000400 0.077146 0.477406
 0.745403 0.000400 0.000400 0.253798
 0.653962 0.000400 0.345143 0.000496
 0.000496 0.000400 0.000400 0.998705
 0.000496 0.211144 0.000400 0.787960
 0.000496 0.000400 0.998609 0.000496

MOTIF 5-ACAATTYACTATTG STREME-5
letter-probability matrix: alength= 4 w= 14 nsites= 10 E= 1.1e-001
 0.997810 0.000676 0.000676 0.000839
 0.000839 0.997647 0.000676 0.000839
 0.997810 0.000676 0.000676 0.000839
 0.997810 0.000676 0.000676 0.000839
 0.000839 0.000676 0.000676 0.997810
 0.130654 0.000676 0.000676 0.867995
 0.239682 0.260306 0.000676 0.499336
 0.888781 0.109704 0.000676 0.000839
 0.260469 0.738017 0.000676 0.000839
 0.109867 0.130491 0.109704 0.649938
 0.867995 0.000676 0.130491 0.000839
 0.000839 0.130491 0.000676 0.867995
 0.000839 0.130491 0.000676 0.867995
 0.000839 0.000676 0.867832 0.130654

MOTIF 6-BRAGTACTYV STREME-6
letter-probability matrix: alength= 4 w= 10 nsites= 12 E= 8.0e+000
 0.000718 0.299822 0.431255 0.268205
 0.402358 0.135396 0.461528 0.000718
 0.998125 0.000578 0.000578 0.000718
 0.000718 0.000578 0.997986 0.000718
 0.000718 0.000578 0.000578 0.998125
 0.998125 0.000578 0.000578 0.000718
 0.000718 0.997986 0.000578 0.000718
 0.000718 0.000578 0.000578 0.998125
 0.000718 0.461528 0.135396 0.402358
 0.268205 0.431255 0.299822 0.000718

MOTIF 7-GTGATATGAAGTTCA STREME-7
letter-probability matrix: alength= 4 w= 15 nsites= 5 E= 8.0e+000
 0.001328 0.001070 0.790655 0.206946
 0.001328 0.206688 0.206688 0.585295
 0.001328 0.001070 0.996273 0.001328
 0.996531 0.001070 0.001070 0.001328
 0.001328 0.001070 0.001070 0.996531
 0.790913 0.001070 0.001070 0.206946
 0.001328 0.001070 0.001070 0.996531
 0.206946 0.001070 0.790655 0.001328
 0.790913 0.206688 0.001070 0.001328
 0.823837 0.173764 0.001070 0.001328
 0.174022 0.001070 0.823579 0.001328
 0.001328 0.001070 0.001070 0.996531
 0.001328 0.001070 0.001070 0.996531
 0.001328 0.996273 0.001070 0.001328
 0.996531 0.001070 0.001070 0.001328

MOTIF 8-CAACACGWKATTG STREME-8
letter-probability matrix: alength= 4 w= 13 nsites= 4 E= 8.0e+000
 0.001606 0.995495 0.001294 0.001606
 0.995807 0.001294 0.001294 0.001606
 0.995807 0.001294 0.001294 0.001606
 0.001606 0.995495 0.001294 0.001606
 0.995807 0.001294 0.001294 0.001606
 0.001606 0.995495 0.001294 0.001606
 0.001606 0.001294 0.995495 0.001606
 0.498706 0.001294 0.001294 0.498706
 0.001606 0.001294 0.498394 0.498706
 0.995807 0.001294 0.001294 0.001606
 0.001606 0.001294 0.001294 0.995807
 0.001606 0.001294 0.001294 0.995807
 0.001606 0.001294 0.995495 0.001606

********************************************************************************
Stopped because 3 consecutive motifs exceeded the p-value threshold (0.05).
********************************************************************************
COMMAND:	streme --dna --p data/STREME_Inputs/SQK-NBD114-24_barcode06_2_intergenic_pos.fasta --n data/STREME_Inputs/SQK-NBD114-24_barcode06_2_control.fasta --oc data/STREME_Outputs/SQK-NBD114-24_barcode06_2_intergenic
********************************************************************************
CPU:		node133
********************************************************************************
FINALTIME:	240.25 seconds
********************************************************************************
