********************************************************************************
STREME - Sensitive, Thorough, Rapid, Enriched Motif Elicitation
********************************************************************************
MEME version 5.5.8 (Release date: Thu May 15 15:01:46 2025 -0700)

For further information on how to interpret these results please access https://meme-suite.org/meme.
To get a copy of the MEME Suite software please access https://meme-suite.org.

********************************************************************************


********************************************************************************
REFERENCE
********************************************************************************
If you use this program in your research, please cite:

Timothy L. Bailey,
"STREME: accurate and versatile sequence motif discovery",
Bioinformatics, Mar. 24, 2021.
********************************************************************************


ALPHABET= ACGT

strands: + -

Background letter frequencies
A 0.226 C 0.274 G 0.274 T 0.226 

MOTIF 1-CCAGGNNNNNVNS STREME-1
letter-probability matrix: alength= 4 w= 13 nsites= 9144 E= 3.3e-706
 0.000001 0.999996 0.000002 0.000001
 0.000001 0.999996 0.000002 0.000001
 0.999995 0.000002 0.000002 0.000001
 0.000001 0.000002 0.999996 0.000001
 0.057250 0.045147 0.897601 0.000001
 0.284059 0.286420 0.207350 0.222171
 0.239747 0.331037 0.180051 0.249164
 0.274362 0.243564 0.317340 0.164733
 0.244344 0.219176 0.238403 0.298076
 0.181541 0.306390 0.295576 0.216492
 0.245748 0.212369 0.374165 0.167718
 0.229319 0.224319 0.209462 0.336901
 0.175226 0.388240 0.245708 0.190826

MOTIF 2-NNNNNGAWTCNNNNN STREME-2
letter-probability matrix: alength= 4 w= 15 nsites= 3722 E= 1.7e-263
 0.219818 0.270513 0.256199 0.253470
 0.267359 0.235887 0.278612 0.218142
 0.236721 0.322676 0.230164 0.210439
 0.190487 0.374731 0.240532 0.194250
 0.210221 0.235821 0.349279 0.204679
 0.000003 0.000004 0.999989 0.000003
 0.999988 0.000004 0.000004 0.000003
 0.391498 0.108502 0.108502 0.391498
 0.000003 0.000004 0.000004 0.999988
 0.000003 0.999989 0.000004 0.000003
 0.204679 0.349279 0.235821 0.210221
 0.194250 0.240532 0.374731 0.190487
 0.210439 0.230164 0.322676 0.236721
 0.218142 0.278612 0.235887 0.267359
 0.253470 0.256199 0.270513 0.219818

MOTIF 3-CCAGYKBVHBGTCV STREME-3
letter-probability matrix: alength= 4 w= 14 nsites= 607 E= 2.4e-049
 0.000022 0.999930 0.000026 0.000022
 0.000022 0.999930 0.000026 0.000022
 0.999926 0.000026 0.000026 0.000022
 0.000022 0.000026 0.999930 0.000022
 0.203639 0.340258 0.000026 0.456077
 0.169724 0.168195 0.237829 0.424251
 0.102790 0.291665 0.376941 0.228604
 0.235086 0.348471 0.264015 0.152428
 0.303449 0.326139 0.113267 0.257145
 0.103620 0.246841 0.328639 0.320901
 0.000022 0.000026 0.999930 0.000022
 0.000022 0.000026 0.000026 0.999926
 0.000022 0.999930 0.000026 0.000022
 0.371767 0.195030 0.360399 0.072804

MOTIF 4-GAGSNNNNSRTGA STREME-4
letter-probability matrix: alength= 4 w= 13 nsites= 729 E= 1.1e-044
 0.000020 0.000025 0.999935 0.000020
 0.999931 0.000025 0.000025 0.000020
 0.000020 0.000025 0.999935 0.000020
 0.199773 0.255118 0.464575 0.080534
 0.225225 0.318960 0.187288 0.268527
 0.185652 0.336492 0.274330 0.203525
 0.324629 0.182672 0.251890 0.240809
 0.184216 0.294050 0.184329 0.337405
 0.122106 0.374845 0.349096 0.153953
 0.592281 0.000025 0.407674 0.000020
 0.000020 0.000025 0.000025 0.999931
 0.000020 0.000025 0.999935 0.000020
 0.999931 0.000025 0.000025 0.000020

MOTIF 5-CCAGGCGGCATCG STREME-5
letter-probability matrix: alength= 4 w= 13 nsites= 28 E= 3.0e-002
 0.000483 0.998450 0.000584 0.000483
 0.000483 0.998450 0.000584 0.000483
 0.998349 0.000584 0.000584 0.000483
 0.000483 0.000584 0.998450 0.000483
 0.000483 0.000584 0.998450 0.000483
 0.000483 0.842931 0.000584 0.156002
 0.044757 0.133408 0.821351 0.000483
 0.200277 0.244653 0.554587 0.000483
 0.156002 0.665831 0.177684 0.000483
 0.931380 0.000584 0.000584 0.067452
 0.000483 0.000584 0.000584 0.998349
 0.000483 0.998450 0.000584 0.000483
 0.288827 0.000584 0.710106 0.000483

MOTIF 6-ATGAAACCTGG STREME-6
letter-probability matrix: alength= 4 w= 11 nsites= 20 E= 1.6e-001
 0.619919 0.001039 0.120184 0.258858
 0.000860 0.001039 0.001039 0.997063
 0.000860 0.158579 0.839702 0.000860
 0.900956 0.001039 0.097145 0.000860
 0.918294 0.001039 0.001039 0.079628
 0.997063 0.001039 0.001039 0.000860
 0.000860 0.997242 0.001039 0.000860
 0.000860 0.997242 0.001039 0.000860
 0.000860 0.001039 0.001039 0.997063
 0.000860 0.001039 0.997242 0.000860
 0.000860 0.001039 0.997242 0.000860

MOTIF 7-CAAGCCAGGTGCGAT STREME-7
letter-probability matrix: alength= 4 w= 15 nsites= 6 E= 1.6e-001
 0.003065 0.990166 0.003704 0.003065
 0.989527 0.003704 0.003704 0.003065
 0.708691 0.003704 0.284540 0.003065
 0.003065 0.003704 0.990166 0.003065
 0.003065 0.990166 0.003704 0.003065
 0.003065 0.990166 0.003704 0.003065
 0.989527 0.003704 0.003704 0.003065
 0.003065 0.003704 0.990166 0.003065
 0.003065 0.003704 0.990166 0.003065
 0.003065 0.003704 0.284540 0.708691
 0.003065 0.003704 0.990166 0.003065
 0.283901 0.709330 0.003704 0.003065
 0.003065 0.003704 0.709330 0.283901
 0.989527 0.003704 0.003704 0.003065
 0.003065 0.003704 0.003704 0.989527

MOTIF 8-YSCCAGGCATSAWCR STREME-8
letter-probability matrix: alength= 4 w= 15 nsites= 20 E= 1.0e+001
 0.079875 0.524983 0.079994 0.315147
 0.000572 0.499428 0.499428 0.000572
 0.000572 0.998164 0.000691 0.000572
 0.000572 0.998164 0.000691 0.000572
 0.998045 0.000691 0.000691 0.000572
 0.000572 0.000691 0.998164 0.000572
 0.000572 0.000691 0.998164 0.000572
 0.000572 0.998164 0.000691 0.000572
 0.683470 0.210408 0.000691 0.105431
 0.000572 0.000691 0.000691 0.998045
 0.000572 0.473872 0.524983 0.000572
 0.998045 0.000691 0.000691 0.000572
 0.368895 0.000691 0.000691 0.629722
 0.105431 0.629842 0.264155 0.000572
 0.473753 0.000691 0.524983 0.000572

MOTIF 9-CTTTGGGCC STREME-9
letter-probability matrix: alength= 4 w= 9 nsites= 20 E= 1.0e+001
 0.020582 0.933964 0.024873 0.020582
 0.020582 0.024873 0.024873 0.929673
 0.020582 0.024873 0.024873 0.929673
 0.020582 0.024873 0.024873 0.929673
 0.020582 0.024873 0.933964 0.020582
 0.020582 0.024873 0.933964 0.020582
 0.020582 0.024873 0.933964 0.020582
 0.020582 0.933964 0.024873 0.020582
 0.020582 0.933964 0.024873 0.020582

MOTIF 10-AACCAGGTGCCGCCG STREME-10
letter-probability matrix: alength= 4 w= 15 nsites= 4 E= 1.0e+001
 0.929673 0.024873 0.024873 0.020582
 0.929673 0.024873 0.024873 0.020582
 0.020582 0.933964 0.024873 0.020582
 0.020582 0.933964 0.024873 0.020582
 0.929673 0.024873 0.024873 0.020582
 0.020582 0.024873 0.933964 0.020582
 0.020582 0.024873 0.933964 0.020582
 0.020582 0.024873 0.024873 0.929673
 0.020582 0.024873 0.933964 0.020582
 0.020582 0.933964 0.024873 0.020582
 0.020582 0.933964 0.024873 0.020582
 0.020582 0.024873 0.933964 0.020582
 0.020582 0.933964 0.024873 0.020582
 0.020582 0.933964 0.024873 0.020582
 0.020582 0.024873 0.933964 0.020582

********************************************************************************
Stopped because 3 consecutive motifs exceeded the p-value threshold (0.05).
********************************************************************************
COMMAND:	streme --dna --p data/STREME_Inputs/SQK-NBD114-24_barcode08_2_gene_pos.fasta --n data/STREME_Inputs/SQK-NBD114-24_barcode08_2_control.fasta --oc data/STREME_Outputs/SQK-NBD114-24_barcode08_2_gene
********************************************************************************
CPU:		node073
********************************************************************************
FINALTIME:	619.19 seconds
********************************************************************************
