********************************************************************************
STREME - Sensitive, Thorough, Rapid, Enriched Motif Elicitation
********************************************************************************
MEME version 5.5.8 (Release date: Thu May 15 15:01:46 2025 -0700)

For further information on how to interpret these results please access https://meme-suite.org/meme.
To get a copy of the MEME Suite software please access https://meme-suite.org.

********************************************************************************


********************************************************************************
REFERENCE
********************************************************************************
If you use this program in your research, please cite:

Timothy L. Bailey,
"STREME: accurate and versatile sequence motif discovery",
Bioinformatics, Mar. 24, 2021.
********************************************************************************


ALPHABET= ACGT

strands: + -

Background letter frequencies
A 0.195 C 0.305 G 0.305 T 0.195 

MOTIF 1-NNNBSGAWTCSVNNN STREME-1
letter-probability matrix: alength= 4 w= 15 nsites= 3241 E= 8.2e-383
 0.205347 0.291506 0.278197 0.224950
 0.197650 0.289994 0.337781 0.174576
 0.234330 0.332685 0.257462 0.175523
 0.161989 0.357405 0.267801 0.212805
 0.129028 0.360344 0.405660 0.104968
 0.000002 0.000003 0.999992 0.000002
 0.999991 0.000003 0.000003 0.000002
 0.388777 0.111223 0.111223 0.388777
 0.000002 0.000003 0.000003 0.999991
 0.000002 0.999992 0.000003 0.000002
 0.104968 0.405660 0.360344 0.129028
 0.212805 0.267801 0.357405 0.161989
 0.175523 0.257462 0.332685 0.234330
 0.174576 0.337781 0.289994 0.197650
 0.224950 0.278197 0.291506 0.205347

MOTIF 2-TCCAKNNSSBCTTCV STREME-2
letter-probability matrix: alength= 4 w= 15 nsites= 607 E= 6.5e-081
 0.000012 0.000019 0.000019 0.999950
 0.000012 0.999957 0.000019 0.000012
 0.000012 0.999957 0.000019 0.000012
 0.999950 0.000019 0.000019 0.000012
 0.061921 0.223921 0.462883 0.251275
 0.204546 0.370477 0.235095 0.189882
 0.280147 0.307109 0.209422 0.203322
 0.150828 0.384694 0.292381 0.172098
 0.099988 0.269137 0.468618 0.162257
 0.136794 0.358572 0.293139 0.211495
 0.000012 0.999957 0.000019 0.000012
 0.000012 0.000019 0.000019 0.999950
 0.000012 0.000019 0.000019 0.999950
 0.021105 0.625336 0.219048 0.134511
 0.197308 0.246063 0.393659 0.162970

MOTIF 3-AAGSCVNBVBCTCS STREME-3
letter-probability matrix: alength= 4 w= 14 nsites= 281 E= 3.4e-020
 0.999896 0.000040 0.000040 0.000025
 0.999896 0.000040 0.000040 0.000025
 0.000025 0.000040 0.999910 0.000025
 0.201527 0.417373 0.230303 0.150797
 0.141743 0.451708 0.218299 0.188249
 0.225021 0.243483 0.364007 0.167488
 0.196240 0.246327 0.250247 0.307187
 0.108500 0.396299 0.295201 0.200000
 0.265555 0.262145 0.324765 0.147535
 0.122741 0.268783 0.367291 0.241186
 0.000025 0.999910 0.000040 0.000025
 0.000025 0.000040 0.000040 0.999896
 0.000025 0.999910 0.000040 0.000025
 0.118187 0.382083 0.406179 0.093551

MOTIF 4-NKCCGGCCGGMN STREME-4
letter-probability matrix: alength= 4 w= 12 nsites= 24 E= 5.9e-003
 0.272831 0.250890 0.168819 0.307460
 0.097149 0.056636 0.481467 0.364747
 0.000348 0.998761 0.000543 0.000348
 0.000348 0.998761 0.000543 0.000348
 0.000348 0.000543 0.998761 0.000348
 0.000348 0.000543 0.998761 0.000348
 0.000348 0.998761 0.000543 0.000348
 0.000348 0.998761 0.000543 0.000348
 0.000348 0.000543 0.998761 0.000348
 0.000348 0.000543 0.998761 0.000348
 0.364747 0.481467 0.056636 0.097149
 0.307460 0.168819 0.250890 0.272831

MOTIF 5-CTCCGGCCGC STREME-5
letter-probability matrix: alength= 4 w= 10 nsites= 6 E= 3.4e-001
 0.017755 0.936791 0.027700 0.017755
 0.017755 0.027700 0.027700 0.926845
 0.017755 0.936791 0.027700 0.017755
 0.017755 0.936791 0.027700 0.017755
 0.017755 0.027700 0.936791 0.017755
 0.017755 0.027700 0.936791 0.017755
 0.017755 0.936791 0.027700 0.017755
 0.017755 0.936791 0.027700 0.017755
 0.017755 0.027700 0.936791 0.017755
 0.017755 0.936791 0.027700 0.017755

MOTIF 6-AGGCCGGACCKG STREME-6
letter-probability matrix: alength= 4 w= 12 nsites= 12 E= 8.0e+000
 0.904049 0.000905 0.094465 0.000580
 0.000580 0.000905 0.997934 0.000580
 0.000580 0.000905 0.997934 0.000580
 0.000580 0.997934 0.000905 0.000580
 0.000580 0.997934 0.000905 0.000580
 0.000580 0.000905 0.904375 0.094140
 0.000580 0.188031 0.810808 0.000580
 0.830442 0.000905 0.000905 0.167747
 0.000580 0.830767 0.168072 0.000580
 0.000580 0.737208 0.000905 0.261307
 0.000580 0.000905 0.362963 0.635551
 0.094140 0.168072 0.550082 0.187706

MOTIF 7-GCAGGCCGGAGCCGA STREME-7
letter-probability matrix: alength= 4 w= 15 nsites= 4 E= 8.0e+000
 0.001624 0.002534 0.994217 0.001624
 0.001624 0.994217 0.002534 0.001624
 0.993307 0.002534 0.002534 0.001624
 0.001624 0.002534 0.994217 0.001624
 0.001624 0.002534 0.994217 0.001624
 0.001624 0.994217 0.002534 0.001624
 0.001624 0.994217 0.002534 0.001624
 0.001624 0.002534 0.994217 0.001624
 0.207655 0.002534 0.788186 0.001624
 0.731430 0.002534 0.002534 0.263502
 0.001624 0.002534 0.994217 0.001624
 0.001624 0.994217 0.002534 0.001624
 0.001624 0.994217 0.002534 0.001624
 0.001624 0.002534 0.994217 0.001624
 0.993307 0.002534 0.002534 0.001624

MOTIF 8-ACCAGGTCGACGACG STREME-8
letter-probability matrix: alength= 4 w= 15 nsites= 3 E= 8.0e+000
 0.926845 0.027700 0.027700 0.017755
 0.017755 0.936791 0.027700 0.017755
 0.017755 0.936791 0.027700 0.017755
 0.926845 0.027700 0.027700 0.017755
 0.017755 0.027700 0.936791 0.017755
 0.017755 0.027700 0.936791 0.017755
 0.017755 0.027700 0.027700 0.926845
 0.017755 0.936791 0.027700 0.017755
 0.017755 0.027700 0.936791 0.017755
 0.926845 0.027700 0.027700 0.017755
 0.017755 0.936791 0.027700 0.017755
 0.017755 0.027700 0.936791 0.017755
 0.926845 0.027700 0.027700 0.017755
 0.017755 0.936791 0.027700 0.017755
 0.017755 0.027700 0.936791 0.017755

********************************************************************************
Stopped because 3 consecutive motifs exceeded the p-value threshold (0.05).
********************************************************************************
COMMAND:	streme --dna --p data/STREME_Inputs/SQK-NBD114-24_barcode18_2_gene_pos.fasta --n data/STREME_Inputs/SQK-NBD114-24_barcode18_2_control.fasta --oc data/STREME_Outputs/SQK-NBD114-24_barcode18_2_gene
********************************************************************************
CPU:		node146
********************************************************************************
FINALTIME:	292.30 seconds
********************************************************************************
