********************************************************************************
STREME - Sensitive, Thorough, Rapid, Enriched Motif Elicitation
********************************************************************************
MEME version 5.5.8 (Release date: Thu May 15 15:01:46 2025 -0700)

For further information on how to interpret these results please access https://meme-suite.org/meme.
To get a copy of the MEME Suite software please access https://meme-suite.org.

********************************************************************************


********************************************************************************
REFERENCE
********************************************************************************
If you use this program in your research, please cite:

Timothy L. Bailey,
"STREME: accurate and versatile sequence motif discovery",
Bioinformatics, Mar. 24, 2021.
********************************************************************************


ALPHABET= ACGT

strands: + -

Background letter frequencies
A 0.227 C 0.274 G 0.274 T 0.227 

MOTIF 1-NNNGAWTCNNN STREME-1
letter-probability matrix: alength= 4 w= 11 nsites= 334 E= 5.0e-039
 0.264620 0.289262 0.189007 0.257111
 0.220484 0.296325 0.276335 0.206856
 0.270659 0.219395 0.278438 0.231508
 0.000017 0.000021 0.999945 0.000017
 0.999941 0.000021 0.000021 0.000017
 0.348123 0.151877 0.151877 0.348123
 0.000017 0.000021 0.000021 0.999941
 0.000017 0.999945 0.000021 0.000017
 0.231508 0.278438 0.219395 0.270659
 0.206856 0.276335 0.296325 0.220484
 0.257111 0.189007 0.289262 0.264620

MOTIF 2-NNNNCCWGGNNNN STREME-2
letter-probability matrix: alength= 4 w= 13 nsites= 381 E= 3.3e-038
 0.254833 0.268543 0.212177 0.264447
 0.199398 0.306088 0.235301 0.259212
 0.240322 0.266425 0.260745 0.232508
 0.216438 0.218381 0.303720 0.261461
 0.000014 0.999955 0.000017 0.000014
 0.000014 0.999955 0.000017 0.000014
 0.499983 0.000017 0.000017 0.499983
 0.000014 0.000017 0.999955 0.000014
 0.000014 0.000017 0.999955 0.000014
 0.261461 0.303720 0.218381 0.216438
 0.232508 0.260745 0.266425 0.240322
 0.259212 0.235301 0.306088 0.199398
 0.264447 0.212177 0.268543 0.254833

MOTIF 3-AGGAGRHNNWMATGA STREME-3
letter-probability matrix: alength= 4 w= 15 nsites= 38 E= 1.9e-002
 0.491415 0.173814 0.224571 0.110200
 0.114474 0.055199 0.681920 0.148407
 0.000141 0.000170 0.999549 0.000141
 0.999520 0.000170 0.000170 0.000141
 0.000141 0.000170 0.999549 0.000141
 0.355986 0.169541 0.474333 0.000141
 0.368534 0.258496 0.059473 0.313497
 0.194882 0.199192 0.317816 0.288110
 0.313497 0.283882 0.228844 0.173777
 0.258459 0.194919 0.110229 0.436393
 0.432112 0.372837 0.194911 0.000141
 0.885179 0.000170 0.114511 0.000141
 0.000141 0.000170 0.000170 0.999520
 0.000141 0.000170 0.999549 0.000141
 0.999520 0.000170 0.000170 0.000141

MOTIF 4-AGACCAAGGTCTGGG STREME-4
letter-probability matrix: alength= 4 w= 15 nsites= 4 E= 6.7e-002
 0.929682 0.024864 0.024864 0.020591
 0.020591 0.024864 0.933955 0.020591
 0.929682 0.024864 0.024864 0.020591
 0.020591 0.933955 0.024864 0.020591
 0.020591 0.933955 0.024864 0.020591
 0.929682 0.024864 0.024864 0.020591
 0.929682 0.024864 0.024864 0.020591
 0.020591 0.024864 0.933955 0.020591
 0.020591 0.024864 0.933955 0.020591
 0.020591 0.024864 0.024864 0.929682
 0.020591 0.933955 0.024864 0.020591
 0.020591 0.024864 0.024864 0.929682
 0.020591 0.024864 0.933955 0.020591
 0.020591 0.024864 0.933955 0.020591
 0.020591 0.024864 0.933955 0.020591

MOTIF 5-AGAGCGCGCGATGA STREME-5
letter-probability matrix: alength= 4 w= 14 nsites= 4 E= 6.7e-002
 0.929682 0.024864 0.024864 0.020591
 0.020591 0.024864 0.933955 0.020591
 0.929682 0.024864 0.024864 0.020591
 0.020591 0.024864 0.933955 0.020591
 0.020591 0.933955 0.024864 0.020591
 0.020591 0.024864 0.933955 0.020591
 0.020591 0.933955 0.024864 0.020591
 0.020591 0.024864 0.933955 0.020591
 0.020591 0.933955 0.024864 0.020591
 0.020591 0.024864 0.933955 0.020591
 0.929682 0.024864 0.024864 0.020591
 0.020591 0.024864 0.024864 0.929682
 0.020591 0.024864 0.933955 0.020591
 0.929682 0.024864 0.024864 0.020591

MOTIF 6-TCACAGCAATCTC STREME-6
letter-probability matrix: alength= 4 w= 13 nsites= 4 E= 8.0e+000
 0.001222 0.001476 0.001476 0.995826
 0.001222 0.996080 0.001476 0.001222
 0.995826 0.001476 0.001476 0.001222
 0.001222 0.775328 0.001476 0.221974
 0.995826 0.001476 0.001476 0.001222
 0.001222 0.001476 0.996080 0.001222
 0.221974 0.775328 0.001476 0.001222
 0.737899 0.001476 0.001476 0.259149
 0.995826 0.001476 0.001476 0.001222
 0.001222 0.001476 0.001476 0.995826
 0.001222 0.996080 0.001476 0.001222
 0.001222 0.001476 0.001476 0.995826
 0.001222 0.996080 0.001476 0.001222

MOTIF 7-TCATACCADGCTCY STREME-7
letter-probability matrix: alength= 4 w= 14 nsites= 4 E= 8.0e+000
 0.001249 0.001509 0.001509 0.995733
 0.001249 0.995992 0.001509 0.001249
 0.995733 0.001509 0.001509 0.001249
 0.001249 0.001509 0.001509 0.995733
 0.732057 0.265185 0.001509 0.001249
 0.001249 0.995992 0.001509 0.001249
 0.001249 0.732316 0.001509 0.264926
 0.995733 0.001509 0.001509 0.001249
 0.264926 0.001509 0.265185 0.468381
 0.264926 0.001509 0.732316 0.001249
 0.001249 0.995992 0.001509 0.001249
 0.001249 0.001509 0.001509 0.995733
 0.001249 0.995992 0.001509 0.001249
 0.001249 0.468640 0.001509 0.528602

MOTIF 8-CCAGCGCABCGTCA STREME-8
letter-probability matrix: alength= 4 w= 14 nsites= 4 E= 8.0e+000
 0.001222 0.996080 0.001476 0.001222
 0.001222 0.996080 0.001476 0.001222
 0.995826 0.001476 0.001476 0.001222
 0.001222 0.001476 0.996080 0.001222
 0.001222 0.738134 0.001476 0.259168
 0.259168 0.001476 0.738134 0.001222
 0.001222 0.996080 0.001476 0.001222
 0.737881 0.001476 0.259421 0.001222
 0.001222 0.259421 0.259421 0.479935
 0.001222 0.738134 0.259421 0.001222
 0.001222 0.001476 0.996080 0.001222
 0.001222 0.001476 0.001476 0.995826
 0.001222 0.996080 0.001476 0.001222
 0.995826 0.001476 0.001476 0.001222

********************************************************************************
Stopped because 3 consecutive motifs exceeded the p-value threshold (0.05).
********************************************************************************
COMMAND:	streme --dna --p data/STREME_Inputs/SQK-NBD114-24_barcode09_2_intergenic_pos.fasta --n data/STREME_Inputs/SQK-NBD114-24_barcode09_2_control.fasta --oc data/STREME_Outputs/SQK-NBD114-24_barcode09_2_intergenic
********************************************************************************
CPU:		node122.inband
********************************************************************************
FINALTIME:	260.09 seconds
********************************************************************************
